#q2lo q2hi qTlo qThi PDF0  uncertainty
124.952 124.954 0 5 2.183849164788245e-10 1.399119548699175e-14
124.952 124.954 5 10 4.48549215584404e-10 6.069254053643187e-17
124.952 124.954 10 15 4.7529448563227e-10 6.255555378212295e-15
124.952 124.954 15 20 4.352628989272221e-10 2.568361961191111e-15
124.952 124.954 20 25 3.802221438278245e-10 1.647456998393319e-15
124.952 124.954 25 30 3.263874450813066e-10 1.087009220750949e-15
124.952 124.954 30 35 2.784333040827644e-10 6.976809263254596e-16
124.952 124.954 35 40 2.371681310874396e-10 4.718150276948537e-16
124.954 124.956 0 5 2.382389167596482e-10 5.111213368509006e-15
124.954 124.956 5 10 4.892834022108133e-10 7.875763763185312e-17
124.954 124.956 10 15 5.184597554599609e-10 6.810033446985513e-15
124.954 124.956 15 20 4.747942903514608e-10 2.789305042988425e-15
124.954 124.956 20 25 4.147558970345323e-10 1.807637310003943e-15
124.954 124.956 25 30 3.560326106998448e-10 1.176546850867497e-15
124.954 124.956 30 35 3.037236296101067e-10 7.532218818047659e-16
124.954 124.956 35 40 2.58710899470105e-10 5.080089268386805e-16
124.956 124.958 0 5 2.608976219514404e-10 5.605358539780085e-15
124.956 124.958 5 10 5.358210632618357e-10 1.034103599217124e-16
124.956 124.958 10 15 5.677749685400958e-10 7.439197577682516e-15
124.956 124.958 15 20 5.199579721236495e-10 3.03780797571656e-15
124.956 124.958 20 25 4.542099555022757e-10 1.99402619846513e-15
124.956 124.958 25 30 3.899016105225177e-10 1.275911067472857e-15
124.956 124.958 30 35 3.326173486437893e-10 8.141785589985667e-16
124.956 124.958 35 40 2.833231335676398e-10 5.472334575486094e-16
124.958 124.96 0 5 2.869448298773766e-10 6.176161483127734e-15
124.958 124.96 5 10 5.893183290846972e-10 1.375410322347192e-16
124.958 124.96 10 15 6.244652872910101e-10 8.15623880019634e-15
124.958 124.96 15 20 5.718759904601936e-10 3.317823572627138e-15
124.958 124.96 20 25 4.995645321715923e-10 2.213178337818026e-15
124.958 124.96 25 30 4.288359125720152e-10 1.385908702019524e-15
124.958 124.96 30 35 3.658323291911809e-10 8.80648750145709e-16
124.958 124.96 35 40 3.116163351285596e-10 5.892569792161296e-16
124.96 124.962 0 5 3.170907906563698e-10 6.840847368646873e-15
124.96 124.962 5 10 6.512339861081919e-10 1.85545918728499e-16
124.96 124.962 10 15 6.900766033965661e-10 8.977002184538068e-15
124.96 124.962 15 20 6.319641278433307e-10 3.633610196012926e-15
124.96 124.962 20 25 5.520564471992971e-10 2.47399812025142e-15
124.96 124.962 25 30 4.738972711690841e-10 1.507011699200666e-15
124.96 124.962 30 35 4.042743691095103e-10 9.522901544153345e-16
124.96 124.962 35 40 3.443620906962527e-10 6.333906721787862e-16
124.962 124.964 0 5 3.522419009230029e-10 7.621985034098114e-15
124.962 124.964 5 10 7.234296891762373e-10 2.542519047802133e-16
124.962 124.964 10 15 7.665817347272818e-10 9.920411957284556e-15
124.962 124.964 15 20 7.02029162554362e-10 3.989418622817077e-15
124.962 124.964 20 25 6.13264093837496e-10 2.788878266389208e-15
124.962 124.964 25 30 5.264406666609746e-10 1.638935815769571e-15
124.962 124.964 30 35 4.490994223084145e-10 1.027909992977176e-15
124.962 124.964 35 40 3.825450780238157e-10 6.781117091814818e-16
124.964 124.966 0 5 3.935694172078201e-10 8.549712732618127e-15
124.964 124.966 5 10 8.083110935310154e-10 3.544997335002853e-16
124.964 124.966 10 15 8.565299857083312e-10 1.100877145474274e-14
124.964 124.966 15 20 7.844058423290464e-10 4.388777889255692e-15
124.964 124.966 20 25 6.852270986114441e-10 3.175541233868891e-15
124.964 124.966 25 30 5.882170288333109e-10 1.77984270516358e-15
124.964 124.966 30 35 5.018012339887606e-10 1.104712434445088e-15
124.964 124.966 35 40 4.274377168072987e-10 7.203839100856618e-16
124.966 124.968 0 5 4.426079504198918e-10 9.665186698634397e-15
124.966 124.968 5 10 9.09030155038295e-10 5.039462946073947e-16
124.966 124.968 10 15 9.632615290537579e-10 1.226762656825179e-14
124.966 124.968 15 20 8.821532242583286e-10 4.832953791666456e-15
124.966 124.968 20 25 7.706178439347986e-10 3.660130024074188e-15
124.966 124.968 25 30 6.615204821914208e-10 1.924808004031848e-15
124.966 124.968 30 35 5.643369583633484e-10 1.176888857377154e-15
124.966 124.968 35 40 4.807071742554545e-10 7.54402120835441e-16
124.968 124.97 0 5 5.013994405454322e-10 1.102610700764431e-14
124.968 124.97 5 10 1.029780843569514e-09 7.321617068135361e-16
124.968 124.97 10 15 1.091220779596424e-09 1.372450241573881e-14
124.968 124.97 15 20 9.99341676032945e-10 5.317723096152662e-15
124.968 124.97 20 25 8.72992192640524e-10 4.282573734259707e-15
124.968 124.97 25 30 7.494035830101435e-10 2.062853305213519e-15
124.968 124.97 30 35 6.393107815127044e-10 1.232935603815739e-15
124.968 124.97 35 40 5.445717815250278e-10 7.692271853341984e-16
124.97 124.972 0 5 5.727082583857239e-10 1.27159449578762e-14
124.97 124.972 5 10 1.176240946407528e-09 1.090248223973039e-15
124.97 124.972 10 15 1.246424583221084e-09 1.540488715526532e-14
124.97 124.972 15 20 1.141481663788636e-09 5.82660730353613e-15
124.97 124.972 20 25 9.971640776003626e-10 5.106300961847121e-15
124.97 124.972 25 30 8.559988897956313e-10 2.171052644972593e-15
124.97 124.972 30 35 7.302482594312074e-10 1.25040194979198e-15
124.97 124.972 35 40 6.220347246527858e-10 7.441927443172569e-16
124.972 124.974 0 5 6.603505458705827e-10 1.486008086168318e-14
124.972 124.974 5 10 1.356248509956663e-09 1.669711067667872e-15
124.972 124.974 10 15 1.437179057808938e-09 1.732168199507499e-14
124.972 124.974 15 20 1.316180266714308e-09 6.316487913571231e-15
124.972 124.974 20 25 1.149779034037912e-09 6.236621971068012e-15
124.972 124.974 25 30 9.870113184666768e-10 2.202492111218847e-15
124.972 124.974 30 35 8.420163560353739e-10 1.185275474827538e-15
124.972 124.974 35 40 7.172418480546986e-10 6.396806478552292e-16
124.974 124.976 0 5 7.697126308607943e-10 1.765556938632425e-14
124.974 124.976 5 10 1.580866627937115e-09 2.641152774177512e-15
124.974 124.976 10 15 1.675207974839973e-09 1.944904889532022e-14
124.974 124.976 15 20 1.53417459941771e-09 6.686231247072445e-15
124.974 124.976 20 25 1.340216999587424e-09 7.857279799043391e-15
124.974 124.976 25 30 1.150493161467303e-09 2.060771413000478e-15
124.974 124.976 30 35 9.814846276846044e-10 9.496903886675056e-16
124.974 124.976 35 40 8.36044875534117e-10 3.778450518540587e-16
124.976 124.978 0 5 9.085932337691651e-10 2.142951467351678e-14
124.976 124.978 5 10 1.866113277028008e-09 4.337771162147608e-15
124.976 124.978 10 15 1.977485909213062e-09 2.165801820772293e-14
124.976 124.978 15 20 1.811010693607345e-09 6.705675065806909e-15
124.976 124.978 20 25 1.582058989795556e-09 1.030731490288804e-14
124.976 124.978 25 30 1.358103172876235e-09 1.543555512442311e-15
124.976 124.978 30 35 1.158599374686321e-09 3.628971092617163e-16
124.976 124.978 35 40 9.869164119485729e-10 1.99618353404783e-16
124.978 124.98 0 5 1.088622273675023e-09 2.676187367957221e-14
124.978 124.98 5 10 2.235875451463387e-09 7.446388284493436e-15
124.978 124.98 10 15 2.369326422635543e-09 2.355455857215229e-14
124.978 124.98 15 20 2.169871798160646e-09 5.847085830918308e-15
124.978 124.98 20 25 1.895557909862293e-09 1.425323057372766e-14
124.978 124.98 25 30 1.627227667343097e-09 2.108119665946425e-16
124.978 124.98 30 35 1.388193195388722e-09 9.626138610977498e-16
124.978 124.98 35 40 1.182491388417773e-09 1.429257505270914e-15
124.98 124.982 0 5 1.327753988085686e-09 3.476553254640357e-14
124.98 124.982 5 10 2.72702987176211e-09 1.34754357518752e-14
124.98 124.982 10 15 2.889808614952147e-09 2.405464713647191e-14
124.98 124.982 15 20 2.646548266980972e-09 2.860519350229744e-15
124.98 124.982 20 25 2.311980266385195e-09 2.110364339569878e-14
124.98 124.982 25 30 1.98470771823536e-09 2.943043015769291e-15
124.98 124.982 30 35 1.693164738685541e-09 3.903379800221529e-15
124.98 124.982 35 40 1.442275694416922e-09 4.067676976712735e-15
124.982 124.984 0 5 1.654870574975082e-09 4.778765422010423e-14
124.982 124.984 5 10 3.398898579954403e-09 2.599803457752179e-14
124.982 124.984 10 15 3.60179747879794e-09 2.019764252432261e-14
124.982 124.984 15 20 3.29861467118733e-09 5.378209663908581e-15
124.982 124.984 20 25 2.881623329413054e-09 3.409608661360185e-14
124.982 124.984 25 30 2.47372159694595e-09 1.03703875739013e-14
124.982 124.984 30 35 2.110350262923776e-09 1.058149345637915e-14
124.982 124.984 35 40 1.797647793338236e-09 9.938488296850177e-15
124.984 124.986 0 5 2.118800860502479e-09 7.136883317042849e-14
124.984 124.986 5 10 4.351772741478266e-09 5.42908459188357e-14
124.984 124.986 10 15 4.611574100462236e-09 3.545055553835521e-15
124.984 124.986 15 20 4.223408071984756e-09 2.729294625580741e-14
124.984 124.986 20 25 3.689521031873786e-09 6.144621835372792e-14
124.984 124.986 25 30 3.167267718526954e-09 2.857294460632099e-14
124.984 124.986 30 35 2.7020262358445e-09 2.659408514597578e-14
124.984 124.986 35 40 2.301657075626947e-09 2.383634942811118e-14
124.986 124.988 0 5 2.807300578489713e-09 1.204763633371054e-13
124.986 124.988 5 10 5.765897039738253e-09 1.253310889441496e-13
124.986 124.988 10 15 6.110148574062472e-09 5.19995575725557e-14
124.986 124.988 15 20 5.595864379339388e-09 8.802833770224508e-14
124.986 124.988 20 25 4.888497998232542e-09 1.266531544299454e-13
124.986 124.988 25 30 4.196540344624305e-09 7.673734945422237e-14
124.986 124.988 30 35 3.580117287534261e-09 6.839967978379289e-14
124.986 124.988 35 40 3.049645125128417e-09 5.982911363044293e-14
124.988 124.99 0 5 3.890689927418469e-09 2.427451825526788e-13
124.988 124.99 5 10 7.991098793718295e-09 3.296952430506075e-13
124.988 124.99 10 15 8.468242724977264e-09 2.376143906642425e-13
124.988 124.99 15 20 7.755508166201958e-09 2.734885895872375e-13
124.988 124.99 20 25 6.775164311321461e-09 3.077185553515482e-13
124.988 124.99 25 30 5.816168418621693e-09 2.199217714861541e-13
124.988 124.99 30 35 4.96185296142246e-09 1.916739106969074e-13
124.988 124.99 35 40 4.226656304429508e-09 1.65435320176017e-13
124.99 124.992 0 5 5.733885314980117e-09 9.141999012745927e-14
124.99 124.992 5 10 1.177708301881033e-08 1.034096410177186e-12
124.99 124.992 10 15 1.248034113989395e-08 9.317047121510332e-13
124.99 124.992 15 20 1.142996666257167e-08 9.353226928120752e-13
124.99 124.992 20 25 9.985178628383373e-09 9.181142090668677e-13
124.99 124.992 25 30 8.571842208233613e-09 7.231880173265681e-13
124.99 124.992 30 35 7.31277393472445e-09 6.22912399568116e-13
124.99 124.992 35 40 6.229256076481129e-09 5.33786212018125e-13
124.992 124.994 0 5 9.22856805303276e-09 1.434764545481307e-13
124.992 124.994 5 10 1.89550538355466e-08 7.457360673191552e-15
124.992 124.994 10 15 2.008722815994655e-08 2.078594894069704e-13
124.992 124.994 15 20 1.839660530183465e-08 9.036671943595737e-14
124.992 124.994 20 25 1.607113396524776e-08 4.418136209302421e-14
124.992 124.994 25 30 1.379648788965987e-08 4.122115787541491e-14
124.992 124.994 30 35 1.177002317764055e-08 2.789929863252617e-14
124.992 124.994 35 40 1.002610338388177e-08 1.988941236416375e-14
124.994 124.996 0 5 1.696067415235924e-08 2.307437093046138e-13
124.994 124.996 5 10 3.483660166739641e-08 7.413536979842949e-14
124.994 124.996 10 15 3.691753702815684e-08 4.412694383399408e-13
124.994 124.996 15 20 3.381052617317745e-08 2.227392928557331e-13
124.994 124.996 20 25 2.953670487733374e-08 2.875886398644611e-14
124.994 124.996 25 30 2.535626417702123e-08 1.188830722515415e-13
124.994 124.996 30 35 2.16319217839219e-08 8.823844994393827e-14
124.994 124.996 35 40 1.842684387491957e-08 6.813295370451799e-14
124.996 124.998 0 5 3.784324775906848e-08 2.192672400069172e-14
124.996 124.998 5 10 7.772900935160418e-08 1.235047389527962e-12
124.996 124.998 10 15 8.237246677610594e-08 2.096353914538672e-12
124.996 124.998 15 20 7.544019171692066e-08 1.526049551099914e-12
124.996 124.998 20 25 6.590435858688772e-08 8.481887115744349e-13
124.996 124.998 25 30 5.657682811419954e-08 1.039875600837724e-12
124.996 124.998 30 35 4.826690931561518e-08 8.585076350332594e-13
124.996 124.998 35 40 4.111557159680866e-08 7.160346788688316e-13
124.998 125 0 5 8.894536252270936e-08 3.097434586464255e-12
124.998 125 5 10 1.826922159512612e-07 9.106602412953194e-12
124.998 125 10 15 1.936069528337561e-07 1.146693394433334e-11
124.998 125 15 20 1.773140632156236e-07 9.593456655119698e-12
124.998 125 20 25 1.549015642997924e-07 7.262294932880726e-12
124.998 125 25 30 1.329785138959944e-07 6.953420603311827e-12
124.998 125 30 35 1.134471083267837e-07 5.866068931723711e-12
124.998 125 35 40 9.663874099186387e-08 4.961704891881701e-12
125 125.002 0 5 8.89539587657855e-08 3.100052211847597e-12
125 125.002 5 10 1.827106641047331e-07 9.112454981649473e-12
125 125.002 10 15 1.9362734649826e-07 1.147358567278643e-11
125 125.002 15 20 1.77333378377214e-07 9.599700368860882e-12
125 125.002 20 25 1.549189108117844e-07 7.267819529202218e-12
125 125.002 25 30 1.32993763649466e-07 6.958353695218079e-12
125 125.002 30 35 1.134603965850571e-07 5.870370228729393e-12
125 125.002 35 40 9.6650281630861e-08 4.965444060448256e-12
125.002 125.004 0 5 3.785362929532749e-08 2.252015061162198e-14
125.002 125.004 5 10 7.775134333084839e-08 1.236595208844615e-12
125.002 125.004 10 15 8.239721159330599e-08 2.098271558405968e-12
125.002 125.004 15 20 7.546366820551458e-08 1.52776510247482e-12
125.002 125.004 20 25 6.592547117658319e-08 8.496001464501859e-13
125.002 125.004 25 30 5.659540999392524e-08 1.041204742154692e-12
125.002 125.004 30 35 4.828311725179751e-08 8.596590172085889e-13
125.002 125.004 35 40 4.112966049004663e-08 7.170312668252242e-13
125.004 125.006 0 5 1.696819020446045e-08 2.307741840975269e-13
125.004 125.006 5 10 3.485279435932316e-08 7.42778094264084e-14
125.004 125.006 10 15 3.693550131896254e-08 4.415835586952502e-13
125.004 125.006 15 20 3.382758682128425e-08 2.229565900593644e-13
125.004 125.006 20 25 2.955205992176605e-08 2.866560344210937e-14
125.004 125.006 25 30 2.536978767611552e-08 1.190323162209172e-13
125.004 125.006 30 35 2.164372441812346e-08 8.836228407964043e-14
125.004 125.006 35 40 1.843710873693394e-08 6.823715387127442e-14
125.006 125.008 0 5 9.234223297136958e-09 1.435419941062363e-13
125.006 125.008 5 10 1.896724466998376e-08 7.476890946775689e-15
125.006 125.008 10 15 2.010075996756447e-08 2.080020103931256e-13
125.006 125.008 15 20 1.84094616401804e-08 9.043935957199813e-14
125.006 125.008 20 25 1.608270874309004e-08 4.4195245138392e-14
125.006 125.008 25 30 1.380668476862177e-08 4.126093045469139e-14
125.006 125.008 30 35 1.17789245781432e-08 2.792903756060321e-14
125.006 125.008 35 40 1.003384662671957e-08 1.991256473922752e-14
125.008 125.01 0 5 5.738377577207861e-09 9.147816420800163e-14
125.008 125.01 5 10 1.178676946216728e-08 1.036685810642632e-12
125.008 125.01 10 15 1.249109563672804e-08 9.344520054341387e-13
125.008 125.01 15 20 1.144018629580924e-08 9.379997027373257e-13
125.008 125.01 20 25 9.994380972404016e-09 9.206085485913236e-13
125.008 125.01 25 30 8.579950041509747e-09 7.253307375348483e-13
125.008 125.01 30 35 7.319852463112678e-09 6.247883741384357e-13
125.008 125.01 35 40 6.235414215450547e-09 5.354211435357843e-13
125.01 125.012 0 5 3.894404513501255e-09 2.432752823665816e-13
125.01 125.012 5 10 7.999109422166848e-09 3.306970707759728e-13
125.01 125.012 10 15 8.477137797972429e-09 2.386204766029047e-13
125.01 125.012 15 20 7.763961698701854e-09 2.745000003770159e-13
125.01 125.012 20 25 6.782776962190248e-09 3.086991817231298e-13
125.01 125.012 25 30 5.822876077992834e-09 2.207400217649969e-13
125.01 125.012 30 35 4.967709407106023e-09 1.923927149187223e-13
125.01 125.012 35 40 4.231751523891883e-09 1.660630885334188e-13
125.012 125.014 0 5 2.810462733532039e-09 1.207402335165856e-13
125.012 125.014 5 10 5.772716912746106e-09 1.257793435179271e-13
125.012 125.014 10 15 6.117722010811449e-09 5.240639767806092e-14
125.012 125.014 15 20 5.603062305922366e-09 8.846226170443673e-14
125.012 125.014 20 25 4.894980244085997e-09 1.27103641123309e-13
125.012 125.014 25 30 4.202252204752734e-09 7.709512844444849e-14
125.012 125.014 30 35 3.585104471864546e-09 6.871582088384966e-14
125.012 125.014 35 40 3.053984202023715e-09 6.010621817735945e-14
125.014 125.016 0 5 2.121551758912451e-09 7.152132351847877e-14
125.014 125.016 5 10 4.357705972382594e-09 5.451433745621235e-14
125.014 125.016 10 15 4.618163252142766e-09 3.376199192520422e-15
125.014 125.016 15 20 4.229670753080846e-09 2.749466408583749e-14
125.014 125.016 20 25 3.695161191382491e-09 6.167997768611615e-14
125.014 125.016 25 30 3.17223769430998e-09 2.874475246097183e-14
125.014 125.016 30 35 2.706365754113947e-09 2.674737392266769e-14
125.014 125.016 35 40 2.305432726492922e-09 2.397150660719441e-14
125.016 125.018 0 5 1.657303952381914e-09 4.788710622187248e-14
125.016 125.018 5 10 3.404147163139872e-09 2.611913687315038e-14
125.016 125.018 10 15 3.607626489908847e-09 2.013346682864202e-14
125.016 125.018 15 20 3.304155015253687e-09 5.475746762204312e-15
125.016 125.018 20 25 2.88661305432905e-09 3.423010019811743e-14
125.016 125.018 25 30 2.47811849903345e-09 1.045818857523473e-14
125.016 125.018 30 35 2.114189459797759e-09 1.066106066177697e-14
125.016 125.018 35 40 1.800988176978144e-09 1.000930095413736e-14
125.018 125.02 0 5 1.329935057142183e-09 3.483688780273972e-14
125.018 125.02 5 10 2.731734369541276e-09 1.354551828888893e-14
125.018 125.02 10 15 2.895033495128261e-09 2.403992562692084e-14
125.018 125.02 15 20 2.651514487470194e-09 2.813730976135765e-15
125.018 125.02 20 25 2.316452990002709e-09 2.118722246677214e-14
125.018 125.02 25 30 1.988649090090093e-09 2.989505316920163e-15
125.018 125.02 30 35 1.696606220473992e-09 3.94655472287033e-15
125.018 125.02 35 40 1.445270064219542e-09 4.10666390356572e-15
125.02 125.022 0 5 1.090598149769969e-09 2.681694434079046e-14
125.02 125.022 5 10 2.240137435143257e-09 7.489163492583941e-15
125.02 125.022 10 15 2.374059922443028e-09 2.356428316344587e-14
125.02 125.022 15 20 2.174371023453179e-09 5.826589109284966e-15
125.02 125.022 20 25 1.899610086243035e-09 1.430927014199628e-14
125.02 125.022 25 30 1.630798483265428e-09 1.860844742084436e-16
125.02 125.022 30 35 1.391311142918569e-09 9.865680945007813e-16
125.02 125.022 35 40 1.185204275286673e-09 1.451388584420608e-15
125.022 125.024 0 5 9.103990272757859e-10 2.147438982745079e-14
125.022 125.024 5 10 1.87000844650764e-09 4.365050381405671e-15
125.022 125.024 10 15 1.981812069452775e-09 2.168006513448018e-14
125.022 125.024 15 20 1.815122780502451e-09 6.69943056996811e-15
125.022 125.024 20 25 1.585762523493512e-09 1.034730974704267e-14
125.022 125.024 25 30 1.361366782952992e-09 1.530861539618659e-15
125.022 125.024 30 35 1.161449093913233e-09 3.496519549766467e-16
125.022 125.024 35 40 9.893959293200199e-10 2.123217085245335e-16
125.024 125.026 0 5 7.713751880128802e-10 1.769362436300567e-14
125.024 125.026 5 10 1.584452870314552e-09 2.659201163413632e-15
125.024 125.026 10 15 1.67919106604624e-09 1.947722350698569e-14
125.024 125.026 15 20 1.537960622490288e-09 6.687954376578161e-15
125.024 125.026 20 25 1.343626885987941e-09 7.88739096108442e-15
125.024 125.026 25 30 1.153498020274289e-09 2.055010587863812e-15
125.024 125.026 30 35 9.841084219699261e-10 9.426693267774505e-16
125.024 125.026 35 40 8.383278263965225e-10 3.70650018164752e-16
125.026 125.028 0 5 6.618908438907786e-10 1.489330910403952e-14
125.026 125.028 5 10 1.359571060377216e-09 1.682032391076076e-15
125.026 125.028 10 15 1.440869306512001e-09 1.735269158672384e-14
125.026 125.028 15 20 1.319687957158889e-09 6.322737969924903e-15
125.026 125.028 20 25 1.152938254925468e-09 6.260341090169249e-15
125.026 125.028 25 30 9.897952969879589e-10 2.200845345372921e-15
125.026 125.028 30 35 8.444472896140235e-10 1.181992295197654e-15
125.026 125.028 35 40 7.193569982591983e-10 6.358172864320372e-16
125.028 125.03 0 5 5.741429945807179e-10 1.274558967556155e-14
125.028 125.03 5 10 1.179335812756356e-09 1.098888943966372e-15
125.028 125.03 10 15 1.249861972478157e-09 1.543693665459883e-14
125.028 125.03 15 20 1.14474901965003e-09 5.835429748492595e-15
125.028 125.03 20 25 1.000106851098525e-09 5.125702045329213e-15
125.028 125.03 25 30 8.585921381476975e-10 2.171898089836468e-15
125.028 125.03 30 35 7.325126561970094e-10 1.249420749286743e-15
125.028 125.03 35 40 6.240049763957824e-10 7.424009784662385e-16
125.03 125.032 0 5 5.027421192271305e-10 1.105298293127241e-14
125.03 125.032 5 10 1.032677149255226e-09 7.383644352012799e-16
125.03 125.032 10 15 1.094437649223539e-09 1.375659900294907e-14
125.03 125.032 15 20 1.002399432486601e-09 5.327972957268168e-15
125.03 125.032 20 25 8.757461971426254e-10 4.298942208386853e-15
125.03 125.032 25 30 7.518304895308238e-10 2.065224974821762e-15
125.03 125.032 30 35 6.414299351462742e-10 1.23339693909037e-15
125.03 125.032 35 40 5.464156609210524e-10 7.687504671885112e-16
125.032 125.034 0 5 4.438696462948429e-10 9.689851485301791e-15
125.032 125.034 5 10 9.117517846076968e-10 5.084910593984647e-16
125.032 125.034 10 15 9.662844022612469e-10 1.229922210176615e-14
125.032 125.034 15 20 8.850265890897045e-10 4.84394470166227e-15
125.032 125.034 20 25 7.732057806071726e-10 3.674292999975768e-15
125.032 125.034 25 30 6.638010499391651e-10 1.928114132443659e-15
125.032 125.034 30 35 5.663283339588089e-10 1.178262854625827e-15
125.032 125.034 35 40 4.824398766257716e-10 7.547722520029121e-16
125.034 125.036 0 5 3.947593239899499e-10 8.572563165665215e-15
125.034 125.036 5 10 8.108778754054551e-10 3.578908413817489e-16
125.034 125.036 10 15 8.593808820508035e-10 1.103957038210114e-14
125.034 125.036 15 20 7.871157434422208e-10 4.400091440015457e-15
125.034 125.036 20 25 6.876678146194877e-10 3.188049200759548e-15
125.034 125.036 25 30 5.90367865143306e-10 1.783712120308085e-15
125.034 125.036 30 35 5.036793319270769e-10 1.106664066597962e-15
125.034 125.036 35 40 4.290718581835055e-10 7.213034566322434e-16
125.036 125.038 0 5 3.533677336780677e-10 7.643312805946613e-15
125.036 125.038 5 10 7.25858263116857e-10 2.568232369699674e-16
125.036 125.038 10 15 7.692791331379772e-10 9.950265709714548e-15
125.036 125.038 15 20 7.045931630529816e-10 4.000798087050362e-15
125.036 125.038 20 25 6.155734062955408e-10 2.80010839288227e-15
125.036 125.038 25 30 5.284757090658563e-10 1.643131884848166e-15
125.036 125.038 30 35 4.508764119978751e-10 1.030223476736578e-15
125.036 125.038 35 40 3.840912464681009e-10 6.793878804836977e-16
125.038 125.04 0 5 3.181590862173488e-10 6.860873763862518e-15
125.038 125.04 5 10 6.535384509595318e-10 1.8752429735289e-16
125.038 125.04 10 15 6.926361613337068e-10 9.005847385425676e-15
125.038 125.04 15 20 6.343971093970585e-10 3.644897360538331e-15
125.038 125.04 20 25 5.542477585030599e-10 2.484216674855488e-15
125.038 125.04 25 30 4.758283295373695e-10 1.51138098455242e-15
125.038 125.04 30 35 4.059605622932291e-10 9.548237299460286e-16
125.038 125.04 35 40 3.458292580624882e-10 6.348958977542314e-16
125.04 125.042 0 5 2.879611747837903e-10 6.195058229523872e-15
125.04 125.042 5 10 5.915107342725617e-10 1.390826796582096e-16
125.04 125.042 10 15 6.26900386439477e-10 8.184063167046841e-15
125.04 125.042 15 20 5.741906718737831e-10 3.328922934066269e-15
125.04 125.042 20 25 5.016492969526863e-10 2.222577223540082e-15
125.04 125.042 25 30 4.30673080527727e-10 1.390351550766201e-15
125.04 125.042 30 35 3.674365391390648e-10 8.833087312817104e-16
125.04 125.042 35 40 3.130121695523992e-10 5.909061021132115e-16
125.042 125.044 0 5 2.618668278700342e-10 5.62326275939705e-15
125.042 125.044 5 10 5.379117870655056e-10 1.046263776675065e-16
125.042 125.044 10 15 5.700971348196319e-10 7.466016731698381e-15
125.042 125.044 15 20 5.22165308475706e-10 3.048662180571067e-15
125.042 125.044 20 25 4.56198040049407e-10 2.002748322646712e-15
125.042 125.044 25 30 3.916535821274944e-10 1.280361428932351e-15
125.042 125.044 30 35 3.341471666391071e-10 8.169015430180075e-16
125.042 125.044 35 40 2.846542400086818e-10 5.48968187435236e-16
125.044 125.046 0 5 2.391651572824704e-10 5.128235970550511e-15
125.044 125.046 5 10 4.912814467596061e-10 7.972701524459496e-17
125.044 125.046 10 15 5.20678986578722e-10 6.835880287000859e-15
125.044 125.046 15 20 4.769037842789946e-10 2.799882658188236e-15
125.044 125.046 20 25 4.166558596074008e-10 1.815790205090708e-15
125.044 125.046 25 30 3.577069274389141e-10 1.180961932401782e-15
125.044 125.046 30 35 3.051856405879722e-10 7.559655141134524e-16
125.044 125.046 35 40 2.599830073185398e-10 5.097896948064672e-16
125.046 125.048 0 5 2.192927385197465e-10 4.696593137790646e-15
125.046 125.048 5 10 4.504624395746341e-10 6.147278686932985e-17
125.046 125.048 10 15 4.774195094958601e-10 6.280471404705634e-15
125.046 125.048 15 20 4.37282846206203e-10 2.578647663267078e-15
125.046 125.048 20 25 3.820414558085491e-10 1.655123657122185e-15
125.046 125.048 25 30 3.279906907225035e-10 1.091361277274712e-15
125.046 125.048 30 35 2.798332567617058e-10 7.004166279366257e-16
125.046 125.048 35 40 2.383862421813565e-10 4.736145843981703e-16
125.048 125.05 0 5 2.017983856706856e-10 4.317799127225568e-15
125.048 125.05 5 10 4.145280287583308e-10 4.791265968119048e-17
125.048 125.05 10 15 4.393365841473876e-10 5.788827302473236e-15
125.048 125.05 15 20 4.024029992421056e-10 2.381433910823193e-15
125.048 125.05 20 25 3.515690084351457e-10 1.515802286691706e-15
125.048 125.05 25 30 3.018302610038407e-10 1.010647653728228e-15
125.048 125.05 30 35 2.575144794964662e-10 6.499507274879546e-16
125.048 125.05 35 40 2.193736733717613e-10 4.404364840503459e-16
124.952 125.05 0 40 4.55614745035251e-06 3.142248008673116e-11
