#q2lo q2hi qTlo qThi PDF0  uncertainty
124.952 124.954 0 5 4.964880657529819e-10 3.180008331880514e-14
124.952 124.954 5 10 1.019755990856646e-09 2.93410051505949e-16
124.952 124.954 10 15 1.080560127079611e-09 1.405339561873678e-14
124.952 124.954 15 20 9.895501482407091e-10 5.686742230752839e-15
124.952 124.954 20 25 8.64417518628944e-10 3.876215719645049e-15
124.952 124.954 25 30 7.420268105844061e-10 2.357552306256088e-15
124.952 124.954 30 35 6.330052783263197e-10 1.489277454859823e-15
124.952 124.954 35 40 5.391908076898788e-10 9.902130560472265e-16
124.954 124.956 0 5 5.287026821299456e-10 1.14338297582901e-14
124.954 124.956 5 10 1.085823636808333e-09 3.678471975160209e-16
124.954 124.956 10 15 1.150572148398999e-09 1.490419977794307e-14
124.954 124.956 15 20 1.053669210250288e-09 6.001018337554092e-15
124.954 124.956 20 25 9.204312748081096e-10 4.174101547631415e-15
124.954 124.956 25 30 7.901118496548671e-10 2.469820207166885e-15
124.954 124.956 30 35 6.740271264009035e-10 1.551273119241357e-15
124.954 124.956 35 40 5.74134332295664e-10 1.025005967090692e-15
124.956 124.958 0 5 5.648374324405504e-10 1.224990966223697e-14
124.956 124.958 5 10 1.160040445852021e-09 4.660655268158704e-16
124.956 124.958 10 15 1.229219921785765e-09 1.584433753024313e-14
124.956 124.958 15 20 1.125697197688157e-09 6.339835068782953e-15
124.956 124.958 20 25 9.833542246570441e-10 4.52106961285043e-15
124.956 124.958 25 30 8.441281182554222e-10 2.585289082394894e-15
124.956 124.958 30 35 7.20108990301575e-10 1.611838461474961e-15
124.956 124.958 35 40 6.133881334010052e-10 1.056361384238688e-15
124.958 124.96 0 5 6.056687014080547e-10 1.318182858943313e-14
124.958 124.96 5 10 1.243903462189928e-09 5.973901446494184e-16
124.958 124.96 10 15 1.318089888156818e-09 1.688493670005076e-14
124.958 124.96 15 20 1.207087034740947e-09 6.702878228775934e-15
124.958 124.96 20 25 1.054455639031645e-09 4.930329840998851e-15
124.958 124.96 25 30 9.051652311658621e-10 2.700935082324457e-15
124.958 124.96 30 35 7.721804383553678e-10 1.667630683094895e-15
124.958 124.96 35 40 6.577440478062316e-10 1.081024873524991e-15
124.96 124.962 0 5 6.521064429718612e-10 1.425556266584552e-14
124.96 124.962 5 10 1.33928165453891e-09 7.755543413316096e-16
124.96 124.962 10 15 1.419162623930645e-09 1.803766413596096e-14
124.96 124.962 15 20 1.299652611182565e-09 7.087722139338046e-15
124.96 124.962 20 25 1.135320128134519e-09 5.420144530736192e-15
124.96 124.962 25 30 9.745835090841732e-10 2.811459578705544e-15
124.96 124.962 30 35 8.314019830054586e-10 1.713177127803597e-15
124.96 124.962 35 40 7.081906384334106e-10 1.093826892576857e-15
124.962 124.964 0 5 7.052994824385118e-10 1.550549705241664e-14
124.962 124.964 5 10 1.448534614908435e-09 1.021182640588762e-15
124.962 124.964 10 15 1.534938628701512e-09 1.931375369660229e-14
124.962 124.964 15 20 1.405683984158725e-09 7.4881099695064e-15
124.962 124.964 20 25 1.227948281903766e-09 6.016352182856452e-15
124.962 124.964 25 30 1.054100374413692e-09 2.907779394082735e-15
124.962 124.964 30 35 8.9923878672231e-10 1.739527122863802e-15
124.962 124.964 35 40 7.659759796316132e-10 1.086502231103565e-15
124.964 124.966 0 5 7.667162662308342e-10 1.697813866283614e-14
124.964 124.966 5 10 1.574678412743088e-09 1.365915693467763e-15
124.964 124.966 10 15 1.668614084575774e-09 2.072195204353865e-14
124.964 124.966 15 20 1.528108346248118e-09 7.890914090610562e-15
124.964 124.966 20 25 1.334897291916359e-09 6.756449082710251e-15
124.964 124.966 25 30 1.14591106963818e-09 2.974440083012093e-15
124.964 124.966 30 35 9.775636492072578e-10 1.731961074061142e-15
124.964 124.966 35 40 8.32695385348769e-10 1.045693723708358e-15
124.966 124.968 0 5 8.38259690008629e-10 1.873797658422174e-14
124.966 124.968 5 10 1.721621443709669e-09 1.85947290729268e-15
124.966 124.968 10 15 1.824330790537282e-09 2.226432634020508e-14
124.966 124.968 15 20 1.670718926350317e-09 8.270650987657181e-15
124.966 124.968 20 25 1.459480919570282e-09 7.696407522933021e-15
124.966 124.968 25 30 1.252860322203623e-09 2.985065871866611e-15
124.966 124.968 30 35 1.068803458101625e-09 1.665989323598055e-15
124.966 124.968 35 40 9.104161611031747e-10 9.494804321334638e-16
124.968 124.97 0 5 9.224336000534168e-10 2.087704261554311e-14
124.968 124.97 5 10 1.894506411892912e-09 2.582083698067645e-15
124.968 124.97 10 15 2.007538569028442e-09 2.392785950648411e-14
124.968 124.97 15 20 1.838506897728046e-09 8.579400308495562e-15
124.968 124.97 20 25 1.606059451591388e-09 8.922417859094481e-15
124.968 124.97 25 30 1.378691260096825e-09 2.894167414147319e-15
124.968 124.97 30 35 1.176151543861247e-09 1.500190292964484e-15
124.968 124.97 35 40 1.001858495542318e-09 7.611845634526512e-16
124.97 124.972 0 5 1.022589525442049e-09 2.353113567263227e-14
124.97 124.972 5 10 2.100217100725959e-09 3.667145517591155e-15
124.97 124.972 10 15 2.225532303352399e-09 2.566749823648527e-14
124.97 124.972 15 20 2.038153220937939e-09 8.727751398231713e-15
124.97 124.972 20 25 1.780469375133123e-09 1.057187807257197e-14
124.97 124.972 25 30 1.528414271421407e-09 2.62191722153011e-15
124.97 124.972 30 35 1.303882361363308e-09 1.162966232244236e-15
124.97 124.972 35 40 1.110663517692065e-09 4.179534143468514e-16
124.972 124.974 0 5 1.143301329280648e-09 2.690857455825518e-14
124.972 124.974 5 10 2.348147881362508e-09 5.344106473017065e-15
124.972 124.974 10 15 2.488267404791658e-09 2.737141421220381e-14
124.972 124.974 15 20 2.278775485529923e-09 8.54763869200346e-15
124.972 124.974 20 25 1.99067582063405e-09 1.287244885088207e-14
124.972 124.974 25 30 1.708867101752718e-09 2.024860118200075e-15
124.972 124.974 30 35 1.457829320509235e-09 5.271678029452254e-16
124.972 124.974 35 40 1.241800330585251e-09 1.910629113899065e-16
124.974 124.976 0 5 1.290950005953115e-09 3.134371336351221e-14
124.974 124.976 5 10 2.651404847571746e-09 8.023176786059461e-15
124.974 124.976 10 15 2.80963268586961e-09 2.878791655189731e-14
124.974 124.976 15 20 2.573093665554969e-09 7.71706923835404e-15
124.974 124.976 20 25 2.247790969275159e-09 1.62180771730477e-14
124.974 124.976 25 30 1.929589118510371e-09 8.372536710504315e-16
124.974 124.976 30 35 1.646130639439277e-09 6.405534629882011e-16
124.974 124.976 35 40 1.402201356579237e-09 1.268176774062712e-15
124.976 124.978 0 5 1.474665635728652e-09 3.740226882461965e-14
124.976 124.978 5 10 3.028740529546317e-09 1.247114325865421e-14
124.976 124.978 10 15 3.209500627224681e-09 2.936595819859053e-14
124.976 124.978 15 20 2.939307848589402e-09 5.600652961203466e-15
124.976 124.978 20 25 2.567714443265848e-09 2.132481107047408e-14
124.976 124.978 25 30 2.204229524686771e-09 1.452075453694576e-15
124.976 124.978 30 35 1.880430721520633e-09 2.785772138668984e-15
124.976 124.978 35 40 1.601785714977972e-09 3.19799684626838e-15
124.978 124.98 0 5 1.707900446728437e-09 4.610222263783435e-14
124.978 124.98 5 10 3.507784863665962e-09 2.019757908163758e-14
124.978 124.98 10 15 3.717151323189002e-09 2.789054608309069e-14
124.978 124.98 15 20 3.404234044672979e-09 8.933776580636533e-16
124.978 124.98 20 25 2.973872760021357e-09 2.956948615746764e-14
124.978 124.98 25 30 2.552899078819154e-09 5.872792032238341e-15
124.978 124.98 30 35 2.17788645822555e-09 6.800857308284517e-15
124.978 124.98 35 40 1.855168266046269e-09 6.74810182220322e-15
124.98 124.982 0 5 2.01116844682011e-09 5.941233366567998e-14
124.98 124.982 5 10 4.130672227282858e-09 3.436153335218031e-14
124.98 124.982 10 15 4.377235606179218e-09 2.1599497346598e-14
124.98 124.982 15 20 4.008765496318917e-09 9.227046843582044e-15
124.98 124.982 20 25 3.501990354567362e-09 4.377796013726529e-14
124.98 124.982 25 30 3.006265842853129e-09 1.461900400980247e-14
124.98 124.982 30 35 2.564661400982292e-09 1.457884874989126e-14
124.98 124.982 35 40 2.184636078613093e-09 1.354234129081536e-14
124.982 124.984 0 5 2.417058133233374e-09 8.147737701631603e-14
124.982 124.984 5 10 4.964337242997433e-09 6.207443021187328e-14
124.982 124.984 10 15 5.260685803458698e-09 3.884444948406306e-15
124.982 124.984 15 20 4.817865268325776e-09 3.127629811484461e-14
124.982 124.984 20 25 4.20881914985979e-09 7.021312379452537e-14
124.982 124.984 25 30 3.613049201766684e-09 3.269990163796947e-14
124.982 124.984 30 35 3.082319075206519e-09 3.042674725503471e-14
124.982 124.984 35 40 2.625594498451726e-09 2.726743744046105e-14
124.984 124.986 0 5 2.979960014062698e-09 1.219495073456995e-13
124.984 124.986 5 10 6.120494540373634e-09 1.208299293835616e-13
124.984 124.986 10 15 6.48588887619992e-09 4.224991346473341e-14
124.984 124.986 15 20 5.939957625536995e-09 8.15899769304641e-14
124.984 124.986 20 25 5.189078956635163e-09 1.240948926765602e-13
124.984 124.986 25 30 4.454562589839441e-09 7.257033574894321e-14
124.984 124.986 30 35 3.800229706875279e-09 6.502577448553381e-14
124.984 124.986 35 40 3.237135674369047e-09 5.70516891478801e-14
124.986 124.988 0 5 3.79633748202555e-09 2.062194762177145e-13
124.986 124.988 5 10 7.797273987788572e-09 2.586643555099863e-13
124.986 124.988 10 15 8.262808533652893e-09 1.649849615186318e-13
124.986 124.988 15 20 7.56733720629673e-09 2.056541194837357e-13
124.986 124.988 20 25 6.610759134442321e-09 2.468345624805357e-13
124.986 124.988 25 30 5.675018718009608e-09 1.687020411186295e-13
124.986 124.988 30 35 4.84142430363668e-09 1.47882631646489e-13
124.986 124.988 35 40 4.124062065758745e-09 1.280821405281584e-13
124.988 124.99 0 5 5.050846174138134e-09 4.119408702816439e-13
124.988 124.99 5 10 1.037394736012446e-08 6.272512112494415e-13
124.988 124.99 10 15 1.099337004587812e-08 5.19874085234067e-13
124.988 124.99 15 20 1.00681063572795e-08 5.485137540162565e-13
124.988 124.99 20 25 8.795435552246319e-09 5.683255230440988e-13
124.988 124.99 25 30 7.550478885061823e-09 4.305534128288556e-13
124.988 124.99 30 35 6.44141691162809e-09 3.725644927457795e-13
124.988 124.99 35 40 5.486993539699009e-09 3.201613966640078e-13
124.99 124.992 0 5 7.13337707961246e-09 1.130444690432404e-13
124.99 124.992 5 10 1.465156339134975e-08 2.345449798486286e-15
124.99 124.992 10 15 1.552662423517109e-08 1.576922013368612e-13
124.99 124.992 15 20 1.421978934646316e-08 6.680122487725777e-14
124.99 124.992 20 25 1.242226176213975e-08 3.721219972813592e-14
124.99 124.992 25 30 1.066403384782338e-08 2.949004303453838e-14
124.99 124.992 30 35 9.09764991046653e-09 1.95177379233422e-14
124.99 124.992 35 40 7.749667762417127e-09 1.361724752412658e-14
124.992 124.994 0 5 1.09816918094392e-08 1.680981965103369e-13
124.992 124.994 5 10 2.255588997287624e-08 1.321318056809472e-14
124.992 124.994 10 15 2.390314043444671e-08 2.512354351012362e-13
124.992 124.994 15 20 2.18913542304393e-08 1.114498991004672e-13
124.992 124.994 20 25 1.912411930892605e-08 4.871661934954286e-14
124.992 124.994 25 30 1.641736561286347e-08 5.208296545115668e-14
124.992 124.994 30 35 1.400593927847104e-08 3.58108869970206e-14
124.992 124.994 35 40 1.193073214050843e-08 2.590613613991921e-14
124.994 124.996 0 5 1.92650746788159e-08 2.455217075557348e-13
124.994 124.996 5 10 3.956975745230832e-08 1.15733728208899e-13
124.994 124.996 10 15 4.193342481481896e-08 5.329687922633587e-13
124.994 124.996 15 20 3.840427128613441e-08 2.829070408083633e-13
124.994 124.996 20 25 3.35497760049433e-08 5.517928584010596e-15
124.994 124.996 25 30 2.880135061572851e-08 1.576827507520406e-13
124.994 124.996 30 35 2.457099168434288e-08 1.196082988996741e-13
124.994 124.996 35 40 2.093044840647362e-08 9.393160173235319e-14
124.996 124.998 0 5 4.093786416642587e-08 1.942656000141219e-13
124.996 124.998 5 10 8.408527323557507e-08 1.67928203174546e-12
124.996 124.998 10 15 8.910845075428372e-08 2.626854061160107e-12
124.996 124.998 15 20 8.160928747745116e-08 1.982025416920796e-12
124.996 124.998 20 25 7.129366117618898e-08 1.209741841386264e-12
124.996 124.998 25 30 6.120337673039659e-08 1.373899813136145e-12
124.996 124.998 30 35 5.221391678217772e-08 1.141297560169426e-12
124.996 124.998 35 40 4.447778073099494e-08 9.55765987799255e-13
124.998 125 0 5 9.140817644185712e-08 3.91940414480553e-12
124.998 125 5 10 1.877508006590206e-07 1.085889693859355e-11
124.998 125 10 15 1.989677607873165e-07 1.336625459326774e-11
124.998 125 15 20 1.822237285142872e-07 1.131174571364785e-11
124.998 125 20 25 1.591906409927128e-07 8.737301511895164e-12
124.998 125 25 30 1.366605636516838e-07 8.23642944394891e-12
124.998 125 30 35 1.165883503306841e-07 6.959088839943736e-12
124.998 125 35 40 9.931457422258724e-08 5.891956843312841e-12
125 125.002 0 5 8.66065291217766e-08 2.28201991314192e-12
125 125.002 5 10 1.778890486521686e-07 7.371768848051293e-12
125 125.002 10 15 1.885176354004446e-07 9.588880487915524e-12
125 125.002 15 20 1.726536564360588e-07 7.893585420327905e-12
125 125.002 20 25 1.508306958965029e-07 5.801972849103273e-12
125 125.002 25 30 1.294841352383362e-07 5.684122820887799e-12
125 125.002 30 35 1.104662414455518e-07 4.784739080771638e-12
125 125.002 35 40 9.409973498795478e-08 4.041429118743985e-12
125.002 125.004 0 5 3.480790330660037e-08 1.4984181435528e-13
125.002 125.004 5 10 7.149541470003379e-08 7.938362355317395e-13
125.002 125.004 10 15 7.576746694145245e-08 1.570333243253222e-12
125.002 125.004 15 20 6.93918029649564e-08 1.073610779471761e-12
125.002 125.004 20 25 6.062105854232745e-08 4.890004315901256e-13
125.002 125.004 25 30 5.204169857074034e-08 7.083930621260071e-13
125.002 125.004 30 35 4.439821910378143e-08 5.778598733466461e-13
125.002 125.004 35 40 3.782033484578785e-08 4.78118919812841e-13
125.004 125.006 0 5 1.4685546204878e-08 2.163014533541489e-13
125.004 125.006 5 10 3.016422275543948e-08 3.275809780009828e-14
125.004 125.006 10 15 3.196675125883141e-08 3.504301933290213e-13
125.004 125.006 15 20 2.927692936352667e-08 1.630534820331954e-13
125.004 125.006 20 25 2.557656847541638e-08 5.19631444682231e-14
125.004 125.006 25 30 2.195691554082017e-08 8.036651829222318e-14
125.004 125.006 30 35 1.873210097467774e-08 5.708876960043781e-14
125.004 125.006 35 40 1.59568553189722e-08 4.251077826791921e-14
125.006 125.008 0 5 7.492814216109336e-09 1.19106340322767e-13
125.006 125.008 5 10 1.539036071956882e-08 1.727523298878452e-15
125.006 125.008 10 15 1.631011417427286e-08 1.648863022708394e-13
125.006 125.008 15 20 1.493776467305985e-08 6.946674456731386e-14
125.006 125.008 20 25 1.304979618183618e-08 3.971945391430776e-14
125.006 125.008 25 30 1.120298937144298e-08 3.044772423814529e-14
125.006 125.008 30 35 9.557628613601322e-09 2.004951798591455e-14
125.006 125.008 35 40 8.141641278572643e-09 1.391810433609866e-14
125.008 125.01 0 5 4.346132506613579e-09 2.235108617136944e-13
125.008 125.01 5 10 8.926920056429251e-09 2.704574924805779e-13
125.008 125.01 10 15 9.46035309890969e-09 1.617833495692454e-13
125.008 125.01 15 20 8.664428413088838e-09 2.106327198910945e-13
125.008 125.01 20 25 7.569422350459067e-09 2.609114675311903e-13
125.008 125.01 25 30 6.49817752323281e-09 1.745704570651608e-13
125.008 125.01 30 35 5.543820190579959e-09 1.534776510349872e-13
125.008 125.01 35 40 4.72250158424951e-09 1.331663337096385e-13
125.01 125.012 0 5 2.739031645063336e-09 7.43136080492832e-14
125.01 125.012 5 10 5.625972036372533e-09 3.337311726443317e-14
125.01 125.012 10 15 5.962180684251036e-09 4.35662656777313e-14
125.01 125.012 15 20 5.460586367392049e-09 4.160491262899267e-16
125.01 125.012 20 25 4.77049501638803e-09 4.82512950931883e-14
125.01 125.012 25 30 4.095372724003451e-09 1.0176367206651e-14
125.01 125.012 30 35 3.493912818826886e-09 1.155336417453002e-14
125.01 125.012 35 40 2.97629541212365e-09 1.13739702659202e-14
125.012 125.014 0 5 1.824802457996797e-09 3.511007388383879e-14
125.012 125.014 5 10 3.748160943612633e-09 7.494137265500725e-15
125.012 125.014 10 15 3.972168554198949e-09 6.063156942281673e-14
125.012 125.014 15 20 3.638005789857497e-09 2.917679970698606e-14
125.012 125.014 20 25 3.178256097895329e-09 6.958995656724243e-15
125.012 125.014 25 30 2.728475356957839e-09 1.488352006555346e-14
125.012 125.014 30 35 2.327768205752572e-09 1.078173835525737e-14
125.012 125.014 35 40 1.982917732642491e-09 8.162318791111203e-15
125.014 125.016 0 5 1.262875221870939e-09 2.100761962846961e-14
125.014 125.016 5 10 2.593968388390294e-09 1.201321224955684e-14
125.014 125.016 10 15 2.749007955937457e-09 4.924122292464242e-14
125.014 125.016 15 20 2.517753915247952e-09 2.683846042955949e-14
125.014 125.016 20 25 2.199581789603243e-09 9.632010956397553e-16
125.014 125.016 25 30 1.888306226468291e-09 1.527988026956726e-14
125.014 125.016 30 35 1.610991268923314e-09 1.170855533552268e-14
125.014 125.016 35 40 1.37233185575911e-09 9.265953300237088e-15
125.016 125.018 0 5 8.969965853827389e-10 1.424296594950617e-14
125.016 125.018 5 10 1.842455022185896e-09 9.959600824257471e-15
125.016 125.018 10 15 1.95258565597876e-09 3.650992268580206e-14
125.016 125.018 15 20 1.788335271292985e-09 2.045772348867841e-14
125.016 125.018 20 25 1.56234559614711e-09 1.889160610142339e-15
125.016 125.018 25 30 1.341252615367431e-09 1.189655612416698e-14
125.016 125.018 30 35 1.14428026573884e-09 9.205971690676367e-15
125.016 125.018 35 40 9.747637259198323e-10 7.33891448801069e-15
125.018 125.02 0 5 6.479760072182251e-10 1.022392584047465e-14
125.018 125.02 5 10 1.330965814220098e-09 7.346381504062078e-15
125.018 125.02 10 15 1.410528885979108e-09 2.654741737295395e-14
125.018 125.02 15 20 1.291880655393946e-09 1.493102955151043e-14
125.018 125.02 20 25 1.128630776407984e-09 1.490610930391443e-15
125.018 125.02 25 30 9.689168941540613e-10 8.706951806071447e-15
125.018 125.02 30 35 8.266266816702373e-10 6.746325574674083e-15
125.018 125.02 35 40 7.041697479930822e-10 5.383169651033276e-15
125.02 125.022 0 5 4.724648464641227e-10 7.503109926973418e-15
125.02 125.022 5 10 9.7046381640538e-10 5.268052268732381e-15
125.02 125.022 10 15 1.028481100114476e-09 1.92705193232421e-14
125.02 125.022 15 20 9.419726389538148e-10 1.080418655663556e-14
125.02 125.022 20 25 8.22941775104117e-10 1.010134868336484e-15
125.02 125.022 25 30 7.064882028044911e-10 6.285727256137466e-15
125.02 125.022 30 35 6.027384115901254e-10 4.865149213621632e-15
125.02 125.022 35 40 5.134495835656898e-10 3.87907864230651e-15
125.022 125.024 0 5 3.452376987590922e-10 5.523139549830656e-15
125.022 125.024 5 10 7.09136649990407e-10 3.773638420866261e-15
125.022 125.024 10 15 7.515342596098071e-10 1.400597552494784e-14
125.022 125.024 15 20 6.883230571246776e-10 7.82338870635992e-15
125.022 125.024 20 25 6.013460530669776e-10 6.726788575904771e-16
125.022 125.024 25 30 5.162516294660169e-10 4.538922398790497e-15
125.022 125.024 30 35 4.404396960525117e-10 3.508673802077981e-15
125.022 125.024 35 40 3.751944307111537e-10 2.794923141884406e-15
125.024 125.026 0 5 2.508685209119394e-10 4.023326335782102e-15
125.024 125.026 5 10 5.152995437154843e-10 2.727260704301118e-15
125.024 125.026 10 15 5.461104570584143e-10 1.016549636595361e-14
125.024 125.026 15 20 5.001791540092981e-10 5.67208357607157e-15
125.024 125.026 20 25 4.369774849330436e-10 4.753243527656446e-16
125.024 125.026 25 30 3.751433014431385e-10 3.2881594971577e-15
125.024 125.026 30 35 3.200540138656041e-10 2.540880365475345e-15
125.024 125.026 35 40 2.726429039489466e-10 2.023458538096888e-15
125.026 125.028 0 5 1.795287333738061e-10 2.859866115567049e-15
125.026 125.028 5 10 3.687647692903116e-10 1.995991487628411e-15
125.026 125.028 10 15 3.908157327880112e-10 7.324754680107458e-15
125.026 125.028 15 20 3.579469723611374e-10 4.103423100140122e-15
125.026 125.028 20 25 3.127184405473168e-10 3.769839525453916e-16
125.026 125.028 25 30 2.684681625984589e-10 2.385959405201122e-15
125.026 125.028 30 35 2.2904453552116e-10 1.846257019743357e-15
125.026 125.028 35 40 1.951155338911958e-10 1.471785171730746e-15
125.028 125.03 0 5 1.247365695353445e-10 1.943242956326608e-15
125.028 125.03 5 10 2.562188719738243e-10 1.480956460335769e-15
125.028 125.03 10 15 2.715411210169085e-10 5.191843743771462e-15
125.028 125.03 15 20 2.487046011492481e-10 2.943650273148601e-15
125.028 125.03 20 25 2.172800952737597e-10 3.410943235439357e-16
125.028 125.03 25 30 1.865350305744363e-10 1.726859731127243e-15
125.028 125.03 30 35 1.591433911766188e-10 1.34163335212807e-15
125.028 125.03 35 40 1.355693486508172e-10 1.072683488817892e-15
125.03 125.032 0 5 8.209018118172321e-11 1.213106747563404e-15
125.03 125.032 5 10 1.686205045799744e-10 1.113953964694488e-15
125.03 125.032 10 15 1.787050164981584e-10 3.567308443912412e-15
125.03 125.032 15 20 1.636765692921744e-10 2.073696846882749e-15
125.03 125.032 20 25 1.429960234381664e-10 3.419514298449909e-16
125.03 125.032 25 30 1.227624580344246e-10 1.238450191527064e-15
125.03 125.032 30 35 1.047357240629362e-10 9.698567364192201e-16
125.03 125.032 35 40 8.922133717106989e-11 7.799340564486114e-16
125.032 125.034 0 5 4.852376279301185e-11 6.266509326314521e-16
125.032 125.034 5 10 9.967252614263004e-11 8.489909841244861e-16
125.032 125.034 10 15 1.056339865994388e-10 2.313775677475841e-15
125.032 125.034 15 20 9.675089485971113e-11 1.412073935885534e-15
125.032 125.034 20 25 8.452666989630675e-11 3.629434968654593e-16
125.032 125.034 25 30 7.256655681595837e-11 8.713846030206024e-16
125.032 125.034 30 35 6.191085937528933e-11 6.920497895508351e-16
125.032 125.034 35 40 5.274019138673958e-11 5.621375247170409e-16
125.034 125.036 0 5 2.185463132912617e-11 1.524976806348213e-16
125.034 125.036 5 10 4.48917146825954e-11 6.551295281701757e-16
125.034 125.036 10 15 4.757690180131763e-11 1.33532680494788e-15
125.034 125.036 15 20 4.357616504684842e-11 9.025058203925195e-16
125.034 125.036 20 25 3.807054475872267e-11 3.937824777308316e-16
125.034 125.036 25 30 3.268382969059312e-11 5.918397108788406e-16
125.034 125.036 30 35 2.788459108193339e-11 4.816512527926615e-16
125.034 125.036 35 40 2.375418338160555e-11 3.97891530413978e-16
125.036 125.038 0 5 4.986106822951483e-13 1.227320030673349e-17
125.036 125.038 5 10 1.02419829411543e-12 5.573658764590122e-20
125.036 125.038 10 15 1.085456326439808e-12 1.659167068290055e-17
125.036 125.038 15 20 9.941699908477756e-13 6.868705545228598e-18
125.036 125.038 20 25 8.685526664609565e-13 4.253288012066791e-18
125.036 125.038 25 30 7.456566272812307e-13 2.940514094266108e-18
125.036 125.038 30 35 6.361621671032697e-13 1.903425928234154e-18
125.036 125.038 35 40 5.419278639128968e-13 1.298608190912874e-18
125.038 125.04 0 5 -1.67137594726934e-11 5.474088747425838e-16
125.038 125.04 5 10 -3.433217397405255e-11 4.035847988569864e-16
125.038 125.04 10 15 -3.638610740949955e-11 4.942125013043233e-17
125.038 125.04 15 20 -3.33266532306871e-11 1.934273563315934e-16
125.038 125.04 20 25 -2.911618555449669e-11 4.628832748658695e-16
125.038 125.04 25 30 -2.499660306036909e-11 2.084873315390858e-16
125.038 125.04 30 35 -2.132625648401256e-11 1.952342358677713e-16
125.038 125.04 35 40 -1.816739237892483e-11 1.755789880368295e-16
125.04 125.042 0 5 -3.065905384848442e-11 8.049416131198302e-16
125.04 125.042 5 10 -6.29778175808281e-11 3.216867400507408e-16
125.04 125.042 10 15 -6.674575455109463e-11 5.406114520137273e-16
125.04 125.042 15 20 -6.113378412838076e-11 5.421147215396683e-17
125.04 125.042 20 25 -5.341034325293424e-11 4.955708980752773e-16
125.04 125.042 25 30 -4.585355036592319e-11 7.644805477220956e-17
125.04 125.042 30 35 -3.912079075961759e-11 9.72827129410243e-17
125.04 125.042 35 40 -3.332625748871906e-11 9.997680289543377e-17
125.042 125.044 0 5 -4.200318003840617e-11 1.016285871821593e-15
125.042 125.044 5 10 -8.628053951936814e-11 2.588034552957396e-16
125.042 125.044 10 15 -9.144305698014742e-11 9.362694582437746e-16
125.042 125.044 15 20 -8.375484092171542e-11 2.520524094560522e-16
125.042 125.044 20 25 -7.317375289285158e-11 5.253448556550621e-16
125.042 125.044 25 30 -6.282088779106755e-11 2.825126907777287e-17
125.042 125.044 30 35 -5.359691308779313e-11 1.991652776190416e-17
125.042 125.044 35 40 -4.565829375955558e-11 4.044925167531202e-17
125.044 125.046 0 5 -5.125824476054519e-11 1.189958949199485e-15
125.044 125.046 5 10 -1.052922150484271e-10 2.100184783021344e-16
125.044 125.046 10 15 -1.115927585709622e-10 1.256438635888921e-15
125.044 125.046 15 20 -1.022107913442601e-10 4.110346233099734e-16
125.044 125.046 20 25 -8.929836045111179e-11 5.517822742709853e-16
125.044 125.046 25 30 -7.666433636465741e-11 1.118455451912897e-16
125.044 125.046 30 35 -6.540789101600882e-11 4.164450112604806e-17
125.044 125.046 35 40 -5.571999047713549e-11 6.788174532953117e-18
125.046 125.048 0 5 -5.88224241305912e-11 1.332727775972408e-15
125.046 125.048 5 10 -1.208307059374029e-10 1.718032355192049e-16
125.046 125.048 10 15 -1.280616050379266e-10 1.51639342524186e-15
125.046 125.048 15 20 -1.172954688628127e-10 5.393789447584641e-16
125.046 125.048 20 25 -1.024776821102786e-10 5.7480420022505e-16
125.046 125.048 25 30 -8.797926918118719e-11 1.789688491470836e-16
125.046 125.048 30 35 -7.506166200698355e-11 9.093468833351874e-17
125.046 125.048 35 40 -6.394403724786866e-11 4.452261844912678e-17
125.048 125.05 0 5 -6.500841404806067e-11 1.450009286133281e-15
125.048 125.05 5 10 -1.335382973048303e-10 1.415958320995799e-16
125.048 125.05 10 15 -1.415302726851217e-10 1.727908771377003e-15
125.048 125.05 15 20 -1.296322911961756e-10 6.433388912598244e-16
125.048 125.05 20 25 -1.132563547216364e-10 5.945263071908234e-16
125.048 125.05 25 30 -9.723324934428541e-11 2.331084050682971e-16
125.048 125.05 30 35 -8.295712402911579e-11 1.305998710933764e-16
125.048 125.05 35 40 -7.067023812613311e-11 7.483234668253938e-17
124.952 125.05 0 40 4.555554463532885e-06 3.185297623947522e-11
