#q2lo q2hi qTlo qThi PDF0  uncertainty
124.952 124.954 0 5 9.779687802850066e-10 8.793541611708462e-14
124.952 124.954 5 10 1.766527271085772e-09 2.389859969589352e-16
124.952 124.954 10 15 1.574348659975847e-09 3.007586112859295e-14
124.952 124.954 15 20 1.2179395478558e-09 1.123413471996926e-14
124.952 124.954 20 25 9.069268952959454e-10 6.509512369632883e-15
124.952 124.954 25 30 6.66918282520146e-10 4.141107238879936e-15
124.952 124.954 30 35 4.873171940907653e-10 2.530966396970792e-15
124.952 124.954 35 40 3.536164527975212e-10 1.644990733340803e-15
124.954 124.956 0 5 1.066921744695067e-09 3.149427949899935e-14
124.954 124.956 5 10 1.926958140614557e-09 3.101232692833978e-16
124.954 124.956 10 15 1.717336334442671e-09 3.27617348869887e-14
124.954 124.956 15 20 1.328563570449005e-09 1.22197972010054e-14
124.954 124.956 20 25 9.893065086346169e-10 7.125781338466299e-15
124.954 124.956 25 30 7.275002485175737e-10 4.49836581493771e-15
124.954 124.956 30 35 5.315869120995826e-10 2.747092106163014e-15
124.954 124.956 35 40 3.857422850876043e-10 1.784432818632469e-15
124.956 124.958 0 5 1.168398689979327e-09 3.452511394293404e-14
124.956 124.958 5 10 2.110246219789261e-09 4.072025276595747e-16
124.956 124.958 10 15 1.880696492019777e-09 3.581590930062393e-14
124.956 124.958 15 20 1.454949310176508e-09 1.333489143270087e-14
124.956 124.958 20 25 1.083423789043035e-09 7.837908252113021e-15
124.956 124.958 25 30 7.967142497591392e-10 4.900520965702029e-15
124.956 124.958 30 35 5.821645291708932e-10 2.989629199521205e-15
124.956 124.958 35 40 4.224457547305767e-10 1.94056453190638e-15
124.958 124.96 0 5 1.285051180479782e-09 3.80214618314235e-14
124.958 124.96 5 10 2.320945005818648e-09 5.416059106990693e-16
124.958 124.96 10 15 2.068487682719404e-09 3.930614287082349e-14
124.958 124.96 15 20 1.600236804563509e-09 1.460089075058117e-14
124.958 124.96 20 25 1.191617127262333e-09 8.668163883777797e-15
124.958 124.96 25 30 8.762799851858877e-10 5.354162204148587e-15
124.958 124.96 30 35 6.403067349550873e-10 3.262117722311634e-15
124.958 124.96 35 40 4.646388499150642e-10 2.115463095217238e-15
124.96 124.962 0 5 1.420060115104659e-09 4.208605309585392e-14
124.96 124.962 5 10 2.56480003246457e-09 7.306463111041584e-16
124.96 124.962 10 15 2.285830930943503e-09 4.331527819812174e-14
124.96 124.962 15 20 1.768388116165952e-09 1.60428453833358e-14
124.96 124.962 20 25 1.31683708071856e-09 9.646157840120701e-15
124.96 124.962 25 30 9.683673557215649e-10 5.866484877674936e-15
124.96 124.962 30 35 7.075992112126754e-10 3.568211677992025e-15
124.96 124.962 35 40 5.134723121362393e-10 2.311157628981448e-15
124.962 124.964 0 5 1.5774848495601e-09 4.685260592048206e-14
124.962 124.964 5 10 2.849143565943213e-09 1.001208838343644e-15
124.962 124.964 10 15 2.539261533667068e-09 4.794472996984753e-14
124.962 124.964 15 20 1.964459516161958e-09 1.7689406844927e-14
124.962 124.964 20 25 1.462849070917643e-09 1.081213007152637e-14
124.962 124.964 25 30 1.075745533325885e-09 6.444857770085232e-15
124.962 124.964 30 35 7.860655667677411e-10 3.911247205190208e-15
124.962 124.964 35 40 5.704146918493752e-10 2.529276810362698e-15
124.964 124.966 0 5 1.762570934947567e-09 5.249826242976703e-14
124.964 124.966 5 10 3.183450467138526e-09 1.395985824868868e-15
124.964 124.966 10 15 2.837224508987406e-09 5.331840701073566e-14
124.964 124.966 15 20 2.194984809461987e-09 1.957209860778928e-14
124.964 124.966 20 25 1.634518849105294e-09 1.222214844121706e-14
124.964 124.966 25 30 1.201992900190508e-09 7.095794467756932e-15
124.964 124.966 30 35 8.783207545451095e-10 4.29333811846663e-15
124.964 124.966 35 40 6.373636855389431e-10 2.770329761376595e-15
124.966 124.968 0 5 1.982191233691263e-09 5.926256775195526e-14
124.966 124.968 5 10 3.580134971453716e-09 1.984512873804592e-15
124.966 124.968 10 15 3.190784778996482e-09 5.958645266585743e-14
124.966 124.968 15 20 2.468524798746002e-09 2.172281401920205e-14
124.966 124.968 20 25 1.838221687376543e-09 1.395663945028363e-14
124.966 124.968 25 30 1.351797979223961e-09 7.822686586356998e-15
124.966 124.968 30 35 9.877909824027907e-10 4.713494036024843e-15
124.966 124.968 35 40 7.16805728455222e-10 3.032259762363703e-15
124.968 124.97 0 5 2.24549072275893e-09 6.747738173091862e-14
124.968 124.97 5 10 4.055715386527297e-09 2.883244284675067e-15
124.968 124.97 10 15 3.614665284902143e-09 6.69271884504806e-14
124.968 124.97 15 20 2.796470468317471e-09 2.41674426428525e-14
124.968 124.97 20 25 2.082440517817588e-09 1.6134873660584e-14
124.968 124.97 25 30 1.531399322500166e-09 8.62098677946367e-15
124.968 124.97 30 35 1.119035170476546e-09 5.163788084813982e-15
124.968 124.97 35 40 8.12049281457373e-10 3.307529625266524e-15
124.97 124.972 0 5 2.564849845927847e-09 7.761590921344612e-14
124.97 124.972 5 10 4.632554181686324e-09 4.293430350138905e-15
124.97 124.972 10 15 4.128797960307693e-09 7.554295689715027e-14
124.97 124.972 15 20 3.194242964458977e-09 2.691089548395176e-14
124.97 124.972 20 25 2.378659570717022e-09 1.894066017574112e-14
124.97 124.972 25 30 1.749242718614641e-09 9.468055844111852e-15
124.97 124.972 30 35 1.278225219055944e-09 5.621441577090594e-15
124.97 124.972 35 40 9.275733695786341e-10 3.577194745293426e-15
124.972 124.974 0 5 2.957359494296102e-09 9.037676173946601e-14
124.972 124.974 5 10 5.341522226853757e-09 6.575443149633436e-15
124.972 124.974 10 15 4.76069841811719e-09 8.563915894360072e-14
124.972 124.974 15 20 3.683130880537282e-09 2.990290104526323e-14
124.972 124.974 20 25 2.74273262147594e-09 2.267004349591638e-14
124.972 124.974 25 30 2.016987441782093e-09 1.030142533763558e-14
124.972 124.974 30 35 1.473881346565592e-09 6.032202832200767e-15
124.972 124.974 35 40 1.069561229772596e-09 3.798563532387666e-15
124.974 124.976 0 5 3.447142775046936e-09 1.068357902473879e-13
124.974 124.976 5 10 6.226192578765843e-09 1.040116265364264e-14
124.974 124.976 10 15 5.549203956053057e-09 9.735961556476605e-14
124.974 124.976 15 20 4.293182338351115e-09 3.295972943211827e-14
124.974 124.976 20 25 3.197036757838802e-09 2.782456030157646e-14
124.974 124.976 25 30 2.35109019703807e-09 1.097120497577592e-14
124.974 124.976 30 35 1.718029592211322e-09 6.274417606258073e-15
124.974 124.976 35 40 1.246740331780227e-09 3.878660464456556e-15
124.976 124.978 0 5 4.069126913497983e-09 1.287375717764153e-13
124.976 124.978 5 10 7.349653634541387e-09 1.708282337586538e-14
124.976 124.978 10 15 6.550546263161876e-09 1.106089370608574e-13
124.976 124.978 15 20 5.067903423268315e-09 3.558090150453718e-14
124.976 124.978 20 25 3.773971362888303e-09 3.530441148457338e-14
124.976 124.978 25 30 2.775378379638887e-09 1.113205992886311e-14
124.976 124.978 30 35 2.0280822832154e-09 6.078196877573812e-15
124.976 124.978 35 40 1.471747068869996e-09 3.614849679646231e-15
124.978 124.98 0 5 4.875397513232648e-09 1.590959095367083e-13
124.978 124.98 5 10 8.805986788157441e-09 2.932535923610362e-14
124.978 124.98 10 15 7.84858170665356e-09 1.245760854938213e-13
124.978 124.98 15 20 6.072173333876001e-09 3.650351353573323e-14
124.978 124.98 20 25 4.52185262977782e-09 4.683568457744505e-14
124.978 124.98 25 30 3.32538508569541e-09 9.986267931516606e-15
124.978 124.98 30 35 2.430005944044606e-09 4.834500583222778e-15
124.978 124.98 35 40 1.763425771792504e-09 2.555072070496972e-15
124.98 124.982 0 5 5.946364238312537e-09 2.035367131892651e-13
124.98 124.982 5 10 1.07404349477217e-08 5.306951727315365e-14
124.98 124.982 10 15 9.572767993648402e-09 1.36431893886241e-13
124.98 124.982 15 20 7.406152896395672e-09 3.255942722403551e-14
124.98 124.982 20 25 5.515271421039561e-09 6.598841072517585e-14
124.98 124.982 25 30 4.055966612585006e-09 5.635326581222072e-15
124.98 124.982 30 35 2.963887965620597e-09 1.115784882839206e-15
124.98 124.982 35 40 2.150868553742188e-09 3.521760980634183e-16
124.982 124.984 0 5 7.411378685926399e-09 2.736019523699462e-13
124.982 124.984 5 10 1.3386644540834e-08 1.023876272834153e-13
124.982 124.984 10 15 1.193135886275402e-08 1.375917496418629e-13
124.982 124.984 15 20 9.230967266898713e-09 1.553521878785484e-14
124.982 124.984 20 25 6.874219539817394e-09 1.008223770403498e-13
124.982 124.984 25 30 5.055368542019036e-09 6.681151824166284e-15
124.982 124.984 30 35 3.694215738197075e-09 8.621135846302244e-15
124.982 124.984 35 40 2.680875093080399e-09 7.703070655707013e-15
124.984 124.986 0 5 9.489125411380999e-09 3.958415853989667e-13
124.984 124.986 5 10 1.71396237980562e-08 2.138150205993599e-13
124.984 124.986 10 15 1.527643362905474e-08 1.021636176745492e-13
124.984 124.986 15 20 1.181901927469083e-08 3.725014970426814e-14
124.984 124.986 20 25 8.801558816061148e-09 1.715033507251027e-13
124.984 124.986 25 30 6.472781752500233e-09 3.982640606133132e-14
124.984 124.986 30 35 4.730013896347207e-09 3.388474695416646e-14
124.984 124.986 35 40 3.432566669386876e-09 2.643980400690683e-14
124.986 124.988 0 5 1.257262708482734e-08 6.403941115301758e-13
124.986 124.988 5 10 2.270928771727601e-08 4.935998853711463e-13
124.986 124.988 10 15 2.024075583331334e-08 5.261024816251708e-14
124.986 124.988 15 20 1.565987702083435e-08 1.945645073499874e-13
124.986 124.988 20 25 1.166187721629872e-08 3.351036282119768e-13
124.986 124.988 25 30 8.576335883295198e-09 1.322517985768275e-13
124.986 124.988 30 35 6.267224530869579e-09 1.029677678930547e-13
124.986 124.988 35 40 4.548142434672397e-09 7.716916944477102e-14
124.988 124.99 0 5 1.742467991179633e-08 1.226586528993723e-12
124.988 124.99 5 10 3.1473473929173e-08 1.298474837376204e-12
124.988 124.99 10 15 2.805242597851471e-08 6.216502677985369e-13
124.988 124.99 15 20 2.170372106227278e-08 6.937224897747162e-13
124.988 124.99 20 25 1.616278780828678e-08 7.796546335427397e-13
124.988 124.99 25 30 1.188643290063522e-08 4.154473844078384e-13
124.988 124.99 30 35 8.686144205740569e-09 3.123312675614484e-13
124.988 124.99 35 40 6.303591718407062e-09 2.300368138631115e-13
124.99 124.992 0 5 2.56794438263686e-08 5.654770720025802e-13
124.99 124.992 5 10 4.638499028121766e-08 4.07273817810386e-12
124.99 124.992 10 15 4.134335926945175e-08 2.843360110197454e-12
124.99 124.992 15 20 3.198686514788614e-08 2.512249046096267e-12
124.99 124.992 20 25 2.382076426783398e-08 2.257106238880582e-12
124.99 124.992 25 30 1.751833915849463e-08 1.427992819415758e-12
124.99 124.992 30 35 1.2801782387333e-08 1.056338136689877e-12
124.99 124.992 35 40 9.290385157308811e-09 7.715364296027093e-13
124.992 124.994 0 5 4.133062704980074e-08 8.921019991911415e-13
124.992 124.994 5 10 7.465627340149382e-08 2.937039593985882e-14
124.992 124.994 10 15 6.654316258091589e-08 9.845675287731249e-13
124.992 124.994 15 20 5.148352429280277e-08 3.809536390072374e-13
124.992 124.994 20 25 3.833971300393081e-08 1.870347353819259e-13
124.992 124.994 25 30 2.819632061782955e-08 1.449941804732705e-13
124.992 124.994 30 35 2.060495340284472e-08 9.028646243885648e-14
124.992 124.994 35 40 1.495329756154137e-08 5.945369525725881e-14
124.994 124.996 0 5 7.595945378536747e-08 1.486037069156712e-12
124.994 124.996 5 10 1.372077428197848e-07 2.919820207202799e-13
124.994 124.996 10 15 1.222977120591607e-07 1.998701838180809e-12
124.994 124.996 15 20 9.462051106025144e-08 8.556310672508717e-13
124.994 124.996 20 25 7.0464080367258e-08 2.16695264524591e-13
124.994 124.996 25 30 5.182190358708983e-08 3.531564744841798e-13
124.994 124.996 30 35 3.786993631801526e-08 2.296479914710562e-13
124.994 124.996 35 40 2.748287420793383e-08 1.556494540880786e-13
124.996 124.998 0 5 1.694837781296999e-07 8.846344593127412e-13
124.996 124.998 5 10 3.061452473335683e-07 4.864296492781135e-12
124.996 124.998 10 15 2.728788639425359e-07 8.110368397694988e-12
124.996 124.998 15 20 2.11124648359659e-07 4.775031032862014e-12
124.996 124.998 20 25 1.572256063770014e-07 1.701867045877017e-12
124.996 124.998 25 30 1.156300996670309e-07 2.364451389388962e-12
124.996 124.998 30 35 8.449949719766268e-08 1.666125302862732e-12
124.996 124.998 35 40 6.13230763910135e-08 1.185214191547954e-12
124.998 125 0 5 3.983493198146468e-07 1.160529289510943e-11
124.998 125 5 10 7.195582956346932e-07 3.586720959224957e-11
124.998 125 10 15 6.413734432467667e-07 4.067547980155403e-11
124.998 125 15 20 4.962289811702111e-07 2.801095115528147e-11
124.998 125 20 25 3.695458657031705e-07 1.658352693725311e-11
124.998 125 25 30 2.717803049257276e-07 1.476279927836859e-11
124.998 125 30 35 1.986109647197649e-07 1.064582267195732e-11
124.998 125 35 40 1.44136929251983e-07 7.670695402009085e-12
125 125.002 0 5 3.983888099447848e-07 1.161718715664202e-11
125 125.002 5 10 7.196335275940131e-07 3.589116983006899e-11
125 125.002 10 15 6.414441982039249e-07 4.069889503974046e-11
125 125.002 15 20 4.962861994926536e-07 2.802965304157521e-11
125 125.002 20 25 3.695901591441342e-07 1.659766505603152e-11
125 125.002 25 30 2.718140919975458e-07 1.477386072440194e-11
125 125.002 30 35 1.986365795813922e-07 1.065422058363335e-11
125 125.002 35 40 1.44156261554099e-07 7.677047971501271e-12
125.002 125.004 0 5 1.695315379251591e-07 8.821257525461285e-13
125.002 125.004 5 10 3.062364951582946e-07 4.87062361925647e-12
125.002 125.004 10 15 2.729649168121681e-07 8.117343628200602e-12
125.002 125.004 15 20 2.111943871427927e-07 4.780263869161281e-12
125.002 125.004 20 25 1.572796891806707e-07 1.705400335237452e-12
125.002 125.004 25 30 1.156714212876821e-07 2.367474521049071e-12
125.002 125.004 30 35 8.453087364153833e-08 1.668401041634592e-12
125.002 125.004 35 40 6.13467954518745e-08 1.186926201398698e-12
125.004 125.006 0 5 7.599406022279093e-08 1.486349065219565e-12
125.004 125.006 5 10 1.372739720047132e-07 2.925646638209331e-13
125.004 125.006 10 15 1.223602707416586e-07 2.000030105273749e-12
125.004 125.006 15 20 9.467127311765327e-08 8.563806821050643e-13
125.004 125.006 20 25 7.0503487758981e-08 2.165223089067958e-13
125.004 125.006 25 30 5.185204097109846e-08 3.535390439690035e-13
125.004 125.006 30 35 3.789284119018562e-08 2.299226479525481e-13
125.004 125.006 35 40 2.750020532534895e-08 1.558502649699881e-13
125.006 125.008 0 5 4.135667459191397e-08 8.925366066612404e-13
125.006 125.008 5 10 7.470615670787993e-08 2.945030970001889e-14
125.006 125.008 10 15 6.659031171736296e-08 9.852455855030749e-13
125.006 125.008 15 20 5.152180180480262e-08 3.812496732503592e-13
125.006 125.008 20 25 3.836944091717928e-08 1.87121878171244e-13
125.006 125.008 25 30 2.821906408311616e-08 1.451215739638398e-13
125.006 125.008 30 35 2.062224509869838e-08 9.037081829456358e-14
125.006 125.008 35 40 1.4966386315357e-08 5.951204072300665e-14
125.008 125.01 0 5 2.570013805938185e-08 5.658518676406984e-13
125.008 125.01 5 10 4.642463405029913e-08 4.083335953577035e-12
125.008 125.01 10 15 4.138084083678424e-08 2.852743389058697e-12
125.008 125.01 15 20 3.201730143924224e-08 2.520137614103724e-12
125.008 125.01 20 25 2.384440720828362e-08 2.263569272937122e-12
125.008 125.01 25 30 1.753643029926097e-08 1.432733140946674e-12
125.008 125.01 30 35 1.281553928632601e-08 1.059956041758192e-12
125.008 125.01 35 40 9.300800085895858e-09 7.742812825905112e-13
125.01 125.012 0 5 1.744179320685538e-08 1.22914543976377e-12
125.01 125.012 5 10 3.150626265369088e-08 1.302575495450974e-12
125.01 125.012 10 15 2.808343132032817e-08 6.249974366374736e-13
125.01 125.012 15 20 2.172890156489946e-08 6.966649581398422e-13
125.01 125.012 20 25 1.618235007148156e-08 7.822199001105334e-13
125.01 125.012 25 30 1.190140297648798e-08 4.172394975522914e-13
125.01 125.012 30 35 8.697528801790017e-09 3.137051814816006e-13
125.01 125.012 35 40 6.312211439299412e-09 2.310819088809371e-13
125.012 125.014 0 5 1.258719602920044e-08 6.417096072059212e-13
125.012 125.014 5 10 2.27372042963363e-08 4.954347817130137e-13
125.012 125.014 10 15 2.02671565113769e-08 5.389187778350896e-14
125.012 125.014 15 20 1.56813194893408e-08 1.957970987231082e-13
125.012 125.014 20 25 1.167853648871419e-08 3.363001441838675e-13
125.012 125.014 25 30 8.589085138418391e-09 1.330212583872702e-13
125.012 125.014 30 35 6.276920729000888e-09 1.035623907957479e-13
125.012 125.014 35 40 4.555484201205637e-09 7.762356720854375e-14
125.014 125.016 0 5 9.501799983975815e-09 3.966312032799912e-13
125.014 125.016 5 10 1.716391197935814e-08 2.147299049289481e-13
125.014 125.016 10 15 1.52994043136929e-08 1.016941378017635e-13
125.014 125.016 15 20 1.18376767950984e-08 3.779870042858917e-14
125.014 125.016 20 25 8.816054946652702e-09 1.72137974841448e-13
125.014 125.016 25 30 6.483875955040586e-09 4.018451259357331e-14
125.014 125.016 30 35 4.738451661677303e-09 3.416532834344321e-14
125.014 125.016 35 40 3.438955796271905e-09 2.665588901995029e-14
125.016 125.018 0 5 7.422590544024527e-09 2.741373030693021e-13
125.016 125.018 5 10 1.340813065473228e-08 1.028833846742129e-13
125.016 125.018 10 15 1.195168029956053e-08 1.37473643114826e-13
125.016 125.018 15 20 9.247473504477413e-09 1.529106701509008e-14
125.016 125.018 20 25 6.887044548844502e-09 1.011968060190809e-13
125.016 125.018 25 30 5.065184031171957e-09 6.854629071154733e-15
125.016 125.018 30 35 3.701681140401737e-09 8.760373942857795e-15
125.016 125.018 35 40 2.686528072328009e-09 7.811713501586397e-15
125.018 125.02 0 5 5.956413731071007e-09 2.039347043184093e-13
125.018 125.02 5 10 1.075969411746595e-08 5.335641937448404e-14
125.018 125.02 10 15 9.590983721103116e-09 1.364753720725343e-13
125.018 125.02 15 20 7.42094908534755e-09 3.246171260326775e-14
125.018 125.02 20 25 5.526767970677724e-09 6.623014507997121e-14
125.018 125.02 25 30 4.064765525863891e-09 5.551822957292376e-15
125.018 125.02 30 35 2.970580294822569e-09 1.045722166727311e-15
125.018 125.02 35 40 2.155936227098914e-09 4.081139818465249e-16
125.02 125.022 0 5 4.88450166034608e-09 1.594124180898319e-13
125.02 125.022 5 10 8.823434653438574e-09 2.950047433958241e-14
125.02 125.022 10 15 7.865084609634085e-09 1.246959598315587e-13
125.02 125.022 15 20 6.085578455834295e-09 3.648024349753604e-14
125.02 125.022 20 25 4.532268470217071e-09 4.700412734100924e-14
125.02 125.022 25 30 3.333356972830788e-09 9.949397016629364e-15
125.02 125.022 30 35 2.436069320295518e-09 4.800523202366529e-15
125.02 125.022 35 40 1.76801723446658e-09 2.526726459712579e-15
125.022 125.024 0 5 4.077447449256144e-09 1.290017421322952e-13
125.022 125.024 5 10 7.365599994595227e-09 1.719450079379251e-14
125.022 125.024 10 15 6.56562921900696e-09 1.107644305824202e-13
125.022 125.024 15 20 5.080155288519777e-09 3.559686871334917e-14
125.022 125.024 20 25 3.783491215057491e-09 3.542953337836188e-14
125.022 125.024 25 30 2.782664578565044e-09 1.112049223895765e-14
125.022 125.024 30 35 2.033624177755057e-09 6.063967222849849e-15
125.022 125.024 35 40 1.475943680020118e-09 3.601682090707586e-15
125.024 125.026 0 5 3.454803371812127e-09 1.070640125551784e-13
125.024 125.026 5 10 6.24087435046763e-09 1.047505148002942e-14
125.024 125.026 10 15 5.563090962740864e-09 9.753028061025723e-14
125.024 125.026 15 20 4.304462842507469e-09 3.299671113047777e-14
125.024 125.026 20 25 3.205801919541788e-09 2.792251743350185e-14
125.024 125.026 25 30 2.35779882698502e-09 1.097379176766113e-14
125.024 125.026 30 35 1.723132221832855e-09 6.271383821065885e-15
125.024 125.026 35 40 1.250604335670953e-09 3.87415972800795e-15
125.026 125.028 0 5 2.964456791562771e-09 9.057887745577843e-14
125.026 125.028 5 10 5.355124555466815e-09 6.625886104867396e-15
125.026 125.028 10 15 4.77356453828155e-09 8.581441206795498e-14
125.026 125.028 15 20 3.693582190035033e-09 2.995104429984154e-14
125.026 125.028 20 25 2.750853534020367e-09 2.275006837083454e-14
125.026 125.028 25 30 2.02320301472688e-09 1.031206751748752e-14
125.026 125.028 30 35 1.47860897919509e-09 6.03565998331971e-15
125.026 125.028 35 40 1.073141284148041e-09 3.799141016744996e-15
125.028 125.03 0 5 2.571460768552901e-09 7.77981706400159e-14
125.028 125.03 5 10 4.645224451699257e-09 4.328805026819756e-15
125.028 125.03 10 15 4.140782560414684e-09 7.571725770500892e-14
125.028 125.03 15 20 3.203978262472441e-09 2.69646899653375e-14
125.028 125.03 20 25 2.38622416328128e-09 1.900828591395727e-14
125.028 125.03 25 30 1.755032522101798e-09 9.483285911334561e-15
125.028 125.03 30 35 1.282629025851904e-09 5.62870557324116e-15
125.028 125.03 35 40 9.309082178265535e-10 3.580792814177741e-15
125.03 125.032 0 5 2.251677486961807e-09 6.764396756127519e-14
125.03 125.032 5 10 4.067572807312088e-09 2.908637739345251e-15
125.03 125.032 10 15 3.625881094415194e-09 6.709765809316363e-14
125.03 125.032 15 20 2.805581308777221e-09 2.422373303006724e-14
125.03 125.032 20 25 2.089519918541933e-09 1.619357098538977e-14
125.03 125.032 25 30 1.536817788639746e-09 8.638771183106281e-15
125.03 125.032 30 35 1.123156547327558e-09 5.17327142991588e-15
125.03 125.032 35 40 8.151702666439039e-10 3.312929378621185e-15
125.032 125.034 0 5 1.988004863203806e-09 5.94163964716192e-14
125.032 125.034 5 10 3.591277310976764e-09 2.003119467885915e-15
125.032 125.034 10 15 3.201324255008958e-09 5.975165728574359e-14
125.032 125.034 15 20 2.477086273497044e-09 2.177976531628159e-14
125.032 125.034 20 25 1.844874236474825e-09 1.400866883081257e-14
125.032 125.034 25 30 1.356889754923888e-09 7.841808741227815e-15
125.032 125.034 30 35 9.91663884242416e-10 4.724236353327769e-15
125.032 125.034 35 40 7.19738560259258e-10 3.03871954426123e-15
125.034 125.036 0 5 1.768053788041795e-09 5.264145242760758e-14
125.034 125.036 5 10 3.193958891947009e-09 1.409868940960598e-15
125.034 125.036 10 15 2.847164411402786e-09 5.34777127157469e-14
125.034 125.036 15 20 2.203059262924027e-09 1.962863912159995e-14
125.034 125.036 20 25 1.640792984079549e-09 1.226903790112459e-14
125.034 125.036 25 30 1.206795054644372e-09 7.115509266103779e-15
125.034 125.036 30 35 8.819733737883047e-10 4.304746035955228e-15
125.034 125.036 35 40 6.401297108163761e-10 2.777390285158543e-15
125.036 125.038 0 5 1.58267247241545e-09 4.698674494156086e-14
125.036 125.038 5 10 2.859086191202805e-09 1.011735721212318e-15
125.036 125.038 10 15 2.54866628127594e-09 4.809795360068953e-14
125.036 125.038 15 20 1.97209927036676e-09 1.774491841016215e-14
125.036 125.038 20 25 1.468785443226499e-09 1.085494300298192e-14
125.036 125.038 25 30 1.080289177544941e-09 6.464706074969355e-15
125.036 125.038 30 35 7.895215647805018e-10 3.922950850707937e-15
125.036 125.038 35 40 5.73031826884582e-10 2.536645045435914e-15
125.038 125.04 0 5 1.424982625696887e-09 4.221236758659635e-14
125.038 125.04 5 10 2.574234572925086e-09 7.387456877086892e-16
125.038 125.04 10 15 2.294755107719866e-09 4.346248125029638e-14
125.038 125.04 15 20 1.775637505903607e-09 1.609698034198104e-14
125.038 125.04 20 25 1.322470136649406e-09 9.685660195000691e-15
125.038 125.04 25 30 9.726788521753012e-10 5.88618526157243e-15
125.038 125.04 30 35 7.108786381188052e-10 3.579976057695267e-15
125.038 125.04 35 40 5.159557389939889e-10 2.318648625929372e-15
125.04 125.042 0 5 1.289734318633263e-09 3.8140919877076e-14
125.04 125.042 5 10 2.329920787400464e-09 5.4791751632135e-16
125.04 125.042 10 15 2.076977939736986e-09 3.944752444504984e-14
125.04 125.042 15 20 1.60713372183015e-09 1.465347173277929e-14
125.04 125.042 20 25 1.196976307677707e-09 8.70491733757049e-15
125.04 125.042 25 30 8.803818658308276e-10 5.373545285905803e-15
125.04 125.042 30 35 6.434267277401991e-10 3.273796622514544e-15
125.04 125.042 35 40 4.670015449543057e-10 2.122957296559458e-15
125.042 125.044 0 5 1.172864625503226e-09 3.463849983644875e-14
125.042 125.044 5 10 2.118805727821755e-09 4.12180955948846e-16
125.042 125.044 10 15 1.888793011363573e-09 3.59517332546961e-14
125.042 125.044 15 20 1.461526392987718e-09 1.338583949957203e-14
125.042 125.044 20 25 1.088534452895381e-09 7.872339795864208e-15
125.042 125.044 25 30 8.006259227285164e-10 4.919483223458512e-15
125.042 125.044 30 35 5.851398490908702e-10 3.001129626821559e-15
125.042 125.044 35 40 4.246988954761971e-10 1.94798543853228e-15
125.044 125.046 0 5 1.071189707603749e-09 3.160223664399738e-14
125.044 125.046 5 10 1.935138227262538e-09 3.140921000604007e-16
125.044 125.046 10 15 1.725073970902593e-09 3.289229685773916e-14
125.044 125.046 15 20 1.334849130014816e-09 1.22690983285295e-14
125.044 125.046 20 25 9.941906532518516e-10 7.158218310085038e-15
125.044 125.046 25 30 7.312385493062369e-10 4.516849504455668e-15
125.044 125.046 30 35 5.34430363836782e-10 2.758357960551286e-15
125.044 125.046 35 40 3.87895567585579e-10 1.791733757599769e-15
125.046 125.048 0 5 9.821861669050551e-10 2.895188371020747e-14
125.046 125.048 5 10 1.774360107888397e-09 2.421803585875345e-16
125.046 125.048 10 15 1.581757841772445e-09 3.020146386929577e-14
125.046 125.048 15 20 1.223958300084715e-09 1.128181241599892e-14
125.046 125.048 20 25 9.116037246688776e-10 6.540212586116663e-15
125.046 125.048 25 30 6.704979088659461e-10 4.159084467318921e-15
125.046 125.048 30 35 4.900399564746626e-10 2.541965432154968e-15
125.046 125.048 35 40 3.556783420153357e-10 1.65214199361437e-15
125.048 125.05 0 5 9.038332848287616e-10 2.662399763308894e-14
125.048 125.05 5 10 1.632821209464602e-09 1.887604090735218e-16
125.048 125.05 10 15 1.455591013083061e-09 2.782362863233611e-14
125.048 125.05 15 20 1.126336494913487e-09 1.040577676656793e-14
125.048 125.05 20 25 8.388988543637455e-10 6.001200818043317e-15
125.048 125.05 25 30 6.170251584994405e-10 3.840367449079684e-15
125.048 125.05 30 35 4.509609696310804e-10 2.348718735099998e-15
125.048 125.05 35 40 3.273159130430429e-10 1.527259781974101e-15
124.952 125.05 0 40 1.2941459972106e-05 9.705855289116362e-11
