#q2lo q2hi qTlo qThi PDF0  uncertainty
124.952 124.954 0 5 8.909586020273203e-10 8.031110324728159e-14
124.952 124.954 5 10 1.607683374192184e-09 6.573218793551061e-16
124.952 124.954 10 15 1.431337593251233e-09 2.699538093032311e-14
124.952 124.954 15 20 1.106408395954234e-09 9.92134776625368e-15
124.952 124.954 20 25 8.232963799964592e-10 6.146579047024335e-15
124.952 124.954 25 30 6.050121336411214e-10 3.600748981138995e-15
124.952 124.954 30 35 4.417736392033622e-10 2.18053761651837e-15
124.952 124.954 35 40 3.203185025972873e-10 1.407914606822253e-15
124.954 124.956 0 5 9.303690860431619e-10 2.783827083108628e-14
124.954 124.956 5 10 1.678580188788879e-09 8.164886912289217e-16
124.954 124.956 10 15 1.494465116443978e-09 2.806749543848472e-14
124.954 124.956 15 20 1.155210252514912e-09 1.026839634375345e-14
124.954 124.956 20 25 8.596140302130719e-10 6.483796065542438e-15
124.954 124.956 25 30 6.317031822702066e-10 3.710244462666717e-15
124.954 124.956 30 35 4.61265044972393e-10 2.240745794105893e-15
124.954 124.956 35 40 3.344527186977521e-10 1.443952802347258e-15
124.956 124.958 0 5 9.732761694948177e-10 2.921337757266859e-14
124.956 124.958 5 10 1.756001354654106e-09 1.024181884579725e-15
124.956 124.958 10 15 1.563401888603697e-09 2.920775990892131e-14
124.956 124.958 15 20 1.208502974440442e-09 1.062393603074352e-14
124.956 124.958 20 25 8.992736681674058e-10 6.869319302008319e-15
124.956 124.958 25 30 6.608503335540242e-10 3.817018807010812e-15
124.956 124.958 30 35 4.825500174899545e-10 2.297156660745535e-15
124.956 124.958 35 40 3.498875201473569e-10 1.476538663632823e-15
124.958 124.96 0 5 1.020321252585555e-09 3.074654344019124e-14
124.958 124.96 5 10 1.840888916498014e-09 1.29855458149651e-15
124.958 124.96 10 15 1.6389866820843e-09 3.041601633814178e-14
124.958 124.96 15 20 1.266934966233558e-09 1.098149419042266e-14
124.958 124.96 20 25 9.427578121021295e-10 7.315815942552457e-15
124.958 124.96 25 30 6.928081956279667e-10 3.916474739541335e-15
124.958 124.96 30 35 5.058875048486855e-10 2.346151519994948e-15
124.958 124.96 35 40 3.668106769480816e-10 1.50294884895559e-15
124.96 124.962 0 5 1.072131787550223e-09 3.247063688180904e-14
124.96 124.962 5 10 1.934374988769605e-09 1.665944067719561e-15
124.96 124.962 10 15 1.722227498207691e-09 3.168802982672803e-14
124.96 124.962 15 20 1.331285450491602e-09 1.133017264191306e-14
124.96 124.962 20 25 9.906463284455983e-10 7.840820201872786e-15
124.96 124.962 25 30 7.280029177187813e-10 4.001382065706079e-15
124.96 124.962 30 35 5.315886962057532e-10 2.382139892001816e-15
124.96 124.962 35 40 3.854478397212103e-10 1.51900866368739e-15
124.962 124.964 0 5 1.129468473622136e-09 3.44293495402539e-14
124.962 124.964 5 10 2.037832097440071e-09 2.165262900360941e-15
124.962 124.964 10 15 1.814346387952424e-09 3.301242078792065e-14
124.962 124.964 15 20 1.402499114621495e-09 1.165194202526861e-14
124.962 124.964 20 25 1.043642213629856e-09 8.469159872244078e-15
124.962 124.964 25 30 7.669511368388649e-10 4.060343084730987e-15
124.962 124.964 30 35 5.600308568620222e-10 2.396420692130234e-15
124.962 124.964 35 40 4.060725714688856e-10 1.518263461429829e-15
124.964 124.966 0 5 1.193262493482626e-09 3.668223264177306e-14
124.964 124.966 5 10 2.152940362037509e-09 2.85516142057442e-15
124.964 124.966 10 15 1.916839265530889e-09 3.436540981666139e-14
124.964 124.966 15 20 1.481732346878028e-09 1.191713624587199e-14
124.964 124.966 20 25 1.102605999760113e-09 9.236860248224011e-15
124.964 124.966 25 30 8.102852618963292e-10 4.075253991448776e-15
124.964 124.966 30 35 5.916757908882555e-10 2.375312364939295e-15
124.964 124.966 35 40 4.29019734690148e-10 1.490614189638153e-15
124.966 124.968 0 5 1.264665926331016e-09 3.931278799153285e-14
124.966 124.968 5 10 2.281778450169573e-09 3.826029092897065e-15
124.966 124.968 10 15 2.031556886433609e-09 3.570164492868419e-14
124.966 124.968 15 20 1.57041583215628e-09 1.20767594668497e-14
124.966 124.968 20 25 1.168602333790111e-09 1.019761042239123e-14
124.966 124.968 25 30 8.587877037028095e-10 4.017001358113135e-15
124.966 124.968 30 35 6.270948359649786e-10 2.296982721723315e-15
124.966 124.968 35 40 4.547036148230004e-10 1.420011779173706e-15
124.968 124.97 0 5 1.34512109314611e-09 4.244188964390376e-14
124.968 124.97 5 10 2.426948688009098e-09 5.220651598384992e-15
124.968 124.97 10 15 2.160816233927989e-09 3.693788506207501e-14
124.968 124.97 15 20 1.670340652768114e-09 1.204905068504811e-14
124.968 124.97 20 25 1.242964046941683e-09 1.143377742825961e-14
124.968 124.97 25 30 9.134379578778382e-10 3.837969556605253e-15
124.968 124.97 30 35 6.67003243213751e-10 2.125952088250774e-15
124.968 124.97 35 40 4.836428484396688e-10 1.280454214505444e-15
124.97 124.972 0 5 1.436457636416057e-09 4.625087952424884e-14
124.97 124.972 5 10 2.591752206467339e-09 7.270920718528454e-15
124.97 124.972 10 15 2.307556450898843e-09 3.792320416865155e-14
124.97 124.972 15 20 1.783778821300698e-09 1.169530410518242e-14
124.97 124.972 20 25 1.327381845080206e-09 1.307581936730331e-14
124.97 124.972 25 30 9.754785154356007e-10 3.458635277417482e-15
124.97 124.972 30 35 7.12308304582226e-10 1.803248619667102e-15
124.97 124.972 35 40 5.164953192600619e-10 1.028831432785083e-15
124.972 124.974 0 5 1.541031112436991e-09 5.102292748298051e-14
124.972 124.974 5 10 2.780438978986173e-09 1.036542085063129e-14
124.972 124.974 10 15 2.475561444574727e-09 3.838291861926785e-14
124.972 124.974 15 20 1.913655348824199e-09 1.077489520420064e-14
124.972 124.974 20 25 1.424032346193099e-09 1.533775952639569e-14
124.972 124.974 25 30 1.04650895264464e-09 2.742699313268829e-15
124.972 124.974 30 35 7.641780559207899e-10 1.228183922689571e-15
124.972 124.974 35 40 5.541079726107205e-10 5.916903942898831e-16
124.974 124.976 0 5 1.661925229749841e-09 5.722044373826931e-14
124.974 124.976 5 10 2.998572679485284e-09 1.517889775019406e-14
124.974 124.976 10 15 2.669784709137313e-09 3.780925710195402e-14
124.974 124.976 15 20 2.063799322121917e-09 8.858410183441837e-15
124.974 124.976 20 25 1.535764907246904e-09 1.858475343893476e-14
124.974 124.976 25 30 1.128623221641436e-09 1.449182074346359e-15
124.974 124.976 30 35 8.241415236106354e-10 2.232818865892419e-16
124.974 124.976 35 40 5.975895003094765e-10 1.602412146443793e-16
124.976 124.978 0 5 1.803254320447229e-09 6.563735363394317e-14
124.976 124.978 5 10 3.253576360656826e-09 2.293187949889041e-14
124.976 124.978 10 15 2.896835119196408e-09 3.523902040042464e-14
124.976 124.978 15 20 2.239319400872219e-09 5.15226730328709e-15
124.976 124.978 20 25 1.666381028638976e-09 2.346791110871786e-14
124.976 124.978 25 30 1.224614969769303e-09 8.640620508320224e-16
124.976 124.978 30 35 8.942386424858313e-10 1.536328261929302e-15
124.976 124.978 35 40 6.484190387835105e-10 1.463302248614323e-15
124.978 124.98 0 5 1.970628489716551e-09 7.771591155646708e-14
124.978 124.98 5 10 3.555571596926647e-09 3.593929927590591e-14
124.978 124.98 10 15 3.165723966627701e-09 2.877850784433605e-14
124.978 124.98 15 20 2.447181234817383e-09 1.873838919431899e-15
124.978 124.98 20 25 1.821063999319788e-09 3.120811771645898e-14
124.978 124.98 25 30 1.338293258429092e-09 5.044977586543885e-15
124.978 124.98 30 35 9.772507807745418e-10 4.672552570099516e-15
124.978 124.98 35 40 7.086133086843246e-10 3.769487696381281e-15
124.98 124.982 0 5 2.171891897340799e-09 9.624965566008989e-14
124.98 124.982 5 10 3.918710330792904e-09 5.884285960876931e-14
124.98 124.982 10 15 3.489050590654288e-09 1.45272196048376e-14
124.98 124.982 15 20 2.697123869661343e-09 1.532727283457862e-14
124.98 124.982 20 25 2.007060764577079e-09 4.423163488686641e-14
124.98 124.982 25 30 1.474983615822434e-09 1.280825341887886e-14
124.98 124.982 30 35 1.077066581734826e-09 1.044126846449004e-14
124.98 124.982 35 40 7.809918591318367e-10 7.990904437651486e-15
124.982 124.984 0 5 2.418337419250408e-09 1.270643498824989e-13
124.982 124.984 5 10 4.363366028572141e-09 1.015859662498963e-13
124.982 124.984 10 15 3.88495291609433e-09 1.603714768304001e-14
124.982 124.984 15 20 3.003167331821925e-09 4.192734094070187e-14
124.982 124.984 20 25 2.234803644862148e-09 6.770095264578762e-14
124.982 124.984 25 30 1.642352285248155e-09 2.785039565019194e-14
124.982 124.984 30 35 1.199283771679709e-09 2.154713907140608e-14
124.982 124.984 35 40 8.696133824830162e-10 1.609080779710365e-14
124.984 124.986 0 5 2.726788132949509e-09 1.834095774062305e-13
124.984 124.986 5 10 4.919888358820054e-09 1.872409645631998e-13
124.984 124.986 10 15 4.380449679035362e-09 8.297160480696395e-14
124.984 124.986 15 20 3.386195769089923e-09 9.737153772679299e-14
124.984 124.986 20 25 2.519832264008117e-09 1.135356785635973e-13
124.984 124.986 25 30 1.851818434382042e-09 5.878816665579634e-14
124.984 124.986 30 35 1.352240225180762e-09 4.429024890176319e-14
124.984 124.986 35 40 9.805232186943545e-10 3.264053105886903e-14
124.986 124.988 0 5 3.123329633489734e-09 2.987241828436749e-13
124.986 124.988 5 10 5.635335315172539e-09 3.748763209610879e-13
124.986 124.988 10 15 5.017432675723432e-09 2.381317151186075e-13
124.986 124.988 15 20 3.878588520588246e-09 2.220385099729007e-13
124.986 124.988 20 25 2.886239048507034e-09 2.121453453411679e-13
124.986 124.988 25 30 2.121085767920837e-09 1.277527013615543e-13
124.986 124.988 30 35 1.548862239745377e-09 9.484339156169224e-14
124.986 124.988 35 40 1.123093261032486e-09 6.937186614207139e-14
124.988 124.99 0 5 3.650247044626467e-09 8.015886227898655e-14
124.988 124.99 5 10 6.586130102488653e-09 8.732721816931113e-16
124.988 124.99 10 15 5.864016443133574e-09 8.557321693896605e-14
124.988 124.99 15 20 4.532957375004751e-09 3.249502106880523e-14
124.988 124.99 20 25 3.373127712455305e-09 1.741647701073322e-14
124.988 124.99 25 30 2.478912638767866e-09 1.215977631380726e-14
124.988 124.99 30 35 1.810145496257842e-09 7.499391596574591e-15
124.988 124.99 35 40 1.312544771321298e-09 4.905267234792245e-15
124.99 124.992 0 5 4.380032361747697e-09 9.423731125398274e-14
124.99 124.992 5 10 7.902766659718915e-09 3.271453505113095e-15
124.99 124.992 10 15 7.036200357609932e-09 1.039047975623863e-13
124.99 124.992 15 20 5.439012763589411e-09 4.023719880058997e-14
124.99 124.992 20 25 4.047317877759337e-09 1.959993839121845e-14
124.99 124.992 25 30 2.974350345990521e-09 1.532198802603509e-14
124.99 124.992 30 35 2.171903841420074e-09 9.544938048951871e-15
124.99 124.992 35 40 1.574842003560803e-09 6.286779731383967e-15
124.992 124.994 0 5 5.440955945699942e-09 1.087285926442541e-13
124.992 124.994 5 10 9.816706243686684e-09 1.614274867271918e-14
124.992 124.994 10 15 8.740053224893077e-09 1.380919898618896e-13
124.992 124.994 15 20 6.755964946308803e-09 5.764377717088897e-14
124.992 124.994 20 25 5.027212206997332e-09 1.779451482379414e-14
124.992 124.994 25 30 3.694410140101508e-09 2.333721711890766e-14
124.992 124.994 30 35 2.697654611922637e-09 1.502801798814369e-14
124.992 124.994 35 40 1.95602613233937e-09 1.011988577628353e-14
124.994 124.996 0 5 7.043618826586999e-09 8.345904487023255e-14
124.994 124.996 5 10 1.27076073205599e-08 1.162678805427501e-13
124.994 124.996 10 15 1.131332331563838e-08 2.589882002138117e-13
124.994 124.996 15 20 8.744720054082552e-09 1.384977448453975e-13
124.994 124.996 20 25 6.506844576239989e-09 2.680278380052219e-14
124.994 124.996 25 30 4.78160812677674e-09 6.545363770725314e-14
124.994 124.996 30 35 3.491404803622932e-09 4.526606768763051e-14
124.994 124.996 35 40 2.531463909219505e-09 3.184663984616754e-14
124.996 124.998 0 5 9.1212356657813e-09 5.052675773445846e-13
124.996 124.998 5 10 1.645367033064186e-08 1.232891046710476e-12
124.996 124.998 10 15 1.464643928330575e-08 1.284783715448412e-12
124.996 124.998 15 20 1.131987354692221e-08 9.189194731039203e-13
124.996 124.998 20 25 8.422204478929149e-09 5.920663975711637e-13
124.996 124.998 25 30 6.188585610380077e-09 4.901571896064659e-13
124.996 124.998 30 35 4.518329936974499e-09 3.548819850507959e-13
124.996 124.998 35 40 3.275707798244181e-09 2.561552829281244e-13
124.998 125 0 5 5.940117003956976e-09 4.708653107197741e-14
124.998 125 5 10 1.070598781082757e-08 6.915345081028191e-16
124.998 125 10 15 9.521987470220544e-09 5.029015893744445e-14
124.998 125 15 20 7.354176898821803e-09 7.911654505442626e-14
124.998 125 20 25 5.468389676044817e-09 1.010147278423817e-14
124.998 125 25 30 4.015860118042441e-09 7.182179069322717e-15
124.998 125 30 35 2.930262798476189e-09 4.435851702389356e-15
124.998 125 35 40 2.122975264887161e-09 2.90423546551368e-15
125 125.002 0 5 -9.556738529504884e-09 8.310214889779188e-14
125 125.002 5 10 -1.725859617628651e-08 7.207207174032769e-16
125 125.002 10 15 -1.537964287486362e-08 8.870790626523755e-14
125 125.002 15 20 -1.189679495883978e-08 3.363866827243657e-14
125 125.002 20 25 -8.858067039259088e-09 1.820078736428514e-14
125 125.002 25 30 -6.513579555737008e-09 1.257394640296923e-14
125 125.002 30 35 -4.759168319081675e-09 7.748595712833797e-15
125 125.002 35 40 -3.453192645633893e-09 5.065563167434144e-15
125.002 125.004 0 5 -1.066087929568313e-08 4.977247581855838e-13
125.002 125.004 5 10 -1.924342649100021e-08 1.277623386857896e-12
125.002 125.004 10 15 -1.714054319105903e-08 1.359125046785556e-12
125.002 125.004 15 20 -1.325419496775252e-08 9.629471986420902e-13
125.002 125.004 20 25 -9.86572031726776e-09 6.080478692285056e-13
125.002 125.004 25 30 -7.252328257715221e-09 5.121072208883347e-13
125.002 125.004 30 35 -5.297293895963237e-09 3.704019335857531e-13
125.002 125.004 35 40 -3.842319059802732e-09 2.672338730195903e-13
125.004 125.006 0 5 -7.734293759897206e-09 9.67986810549744e-14
125.004 125.006 5 10 -1.395930186296211e-08 1.189864285733048e-13
125.004 125.006 10 15 -1.243258041104762e-08 2.772357012747387e-13
125.004 125.006 15 20 -9.612912044366153e-09 1.463560311553287e-13
125.004 125.006 20 25 -7.154843073406307e-09 2.487890443070163e-14
125.004 125.006 25 30 -5.259195075985338e-09 6.872080351090772e-14
125.004 125.006 30 35 -3.841188259229053e-09 4.739890236463487e-14
125.004 125.006 35 40 -2.785935833294591e-09 3.329750410395891e-14
125.006 125.008 0 5 -5.817252197049128e-09 1.167592096709421e-13
125.006 125.008 5 10 -1.049884470409947e-08 1.642110399323609e-14
125.006 125.008 10 15 -9.350192122027601e-09 1.470694282720145e-13
125.006 125.008 15 20 -7.229358112214341e-09 6.113026859130019e-14
125.006 125.008 20 25 -5.380621308721822e-09 1.949449285441898e-14
125.006 125.008 25 30 -3.954936162271059e-09 2.467055559662653e-14
125.006 125.008 30 35 -2.888506542581025e-09 1.58602692505253e-14
125.006 125.008 35 40 -2.094908096984529e-09 1.066912351049924e-14
125.008 125.01 0 5 -4.614229268803667e-09 9.933403132814256e-14
125.008 125.01 5 10 -8.327465161897874e-09 3.316574539931748e-15
125.008 125.01 10 15 -7.416216981136588e-09 1.094127614001697e-13
125.008 125.01 15 20 -5.733955939210299e-09 4.233131300919129e-14
125.008 125.01 20 25 -4.267571692973489e-09 2.073321026180909e-14
125.008 125.01 25 30 -3.136764079908707e-09 1.610746375961045e-14
125.008 125.01 30 35 -2.290918083562576e-09 1.002968074531252e-14
125.008 125.01 35 40 -1.661476769318632e-09 6.604089219713269e-15
125.01 125.012 0 5 -3.809490112862225e-09 8.364400175623179e-14
125.01 125.012 5 10 -6.875035417999372e-09 8.834276021505167e-16
125.01 125.012 10 15 -6.12264920614759e-09 8.931357409871422e-14
125.01 125.012 15 20 -4.733772486472869e-09 3.391000477520443e-14
125.01 125.012 20 25 -3.523145277828417e-09 1.820117625373756e-14
125.01 125.012 25 30 -2.589574447027316e-09 1.268805089082273e-14
125.01 125.012 30 35 -1.891267023686586e-09 7.824474360234381e-15
125.01 125.012 35 40 -1.371620333184544e-09 5.117616802759809e-15
125.012 125.014 0 5 -3.238519059588014e-09 3.046787517826481e-13
125.012 125.014 5 10 -5.844424449410263e-09 3.797173848022636e-13
125.012 125.014 10 15 -5.20471600656135e-09 2.389669511857153e-13
125.012 125.014 15 20 -4.024076211745882e-09 2.241382344926476e-13
125.012 125.014 20 25 -2.994973853033071e-09 2.154905906224617e-13
125.012 125.014 25 30 -2.201328536059499e-09 1.291830373196789e-13
125.012 125.014 30 35 -1.607711010019088e-09 9.596385165922064e-14
125.012 125.014 35 40 -1.165969956687654e-09 7.022126699205682e-14
125.014 125.016 0 5 -2.813977710871516e-09 1.870836715445424e-13
125.014 125.016 5 10 -5.078251515174521e-09 1.893858246314764e-13
125.014 125.016 10 15 -4.522390312036162e-09 8.223080139002189e-14
125.014 125.016 15 20 -3.496521827623619e-09 9.789036659314969e-14
125.014 125.016 20 25 -2.60232990833166e-09 1.152668956999533e-13
125.014 125.016 25 30 -1.91272915495512e-09 5.927543536611951e-14
125.014 125.016 30 35 -1.396934068815107e-09 4.469985152126705e-14
125.014 125.016 35 40 -1.013105088592009e-09 3.296246077381553e-14
125.016 125.018 0 5 -2.486659061372677e-09 1.295985957099035e-13
125.016 125.018 5 10 -4.487547051528364e-09 1.026392062960109e-13
125.016 125.018 10 15 -3.996338981976028e-09 1.488768571899414e-14
125.016 125.018 15 20 -3.089799417553719e-09 4.188951125524227e-14
125.016 125.018 20 25 -2.299621146742181e-09 6.872512647383498e-14
125.016 125.018 25 30 -1.690235933571026e-09 2.798420947183037e-14
125.016 125.018 30 35 -1.234439190806423e-09 2.168514410078265e-14
125.016 125.018 35 40 -8.95257990537059e-10 1.620888866034513e-14
125.018 125.02 0 5 -2.226909189089067e-09 9.813171958914493e-14
125.018 125.02 5 10 -4.018788500069298e-09 5.940401121873017e-14
125.018 125.02 10 15 -3.578891707871249e-09 1.571415014988742e-14
125.018 125.02 15 20 -2.767048617130278e-09 1.509230191006768e-14
125.018 125.02 20 25 -2.059411460664655e-09 4.490355795180594e-14
125.018 125.02 25 30 -1.513681479078269e-09 1.280143243481498e-14
125.018 125.02 30 35 -1.105496166865406e-09 1.046772562751944e-14
125.018 125.02 35 40 -8.017447918299407e-10 8.023767678807725e-15
125.02 125.022 0 5 -2.015919484410016e-09 7.918544355683938e-14
125.02 125.022 5 10 -3.638029099709012e-09 3.625873422735984e-14
125.02 125.022 10 15 -3.239814402284485e-09 2.988599958309865e-14
125.02 125.022 15 20 -2.504891890190709e-09 1.578110867140018e-15
125.02 125.022 20 25 -1.864300692602186e-09 3.168500334802219e-14
125.02 125.022 25 30 -1.370275746830989e-09 4.981805272113257e-15
125.02 125.022 30 35 -1.000763366533756e-09 4.651713701335815e-15
125.02 125.022 35 40 -7.257901248175114e-10 3.765156866862999e-15
125.022 125.024 0 5 -1.841222601771748e-09 6.68259433229764e-14
125.022 125.024 5 10 -3.322767654122961e-09 2.312394895570292e-14
125.022 125.024 10 15 -2.959067215335924e-09 3.623713624791696e-14
125.022 125.024 15 20 -2.287834336071083e-09 5.455009032400517e-15
125.022 125.024 20 25 -1.702755990044899e-09 2.382701506919774e-14
125.022 125.024 25 30 -1.251541600285092e-09 7.801070063179149e-16
125.022 125.024 30 35 -9.140493274897719e-10 1.495865267152176e-15
125.022 125.024 35 40 -6.629034752137978e-10 1.442702939421027e-15
125.024 125.026 0 5 -1.694244270217439e-09 5.820696269286503e-14
125.024 125.026 5 10 -3.057529513532342e-09 1.529981987306393e-14
125.024 125.026 10 15 -2.722868472473449e-09 3.869831956100764e-14
125.024 125.026 15 20 -2.105220050542217e-09 9.147254657465323e-15
125.024 125.026 20 25 -1.56684625963089e-09 1.886748949225932e-14
125.024 125.026 25 30 -1.151649417689506e-09 1.538344581467234e-15
125.024 125.026 30 35 -8.410963091508193e-10 2.708802169138792e-16
125.024 125.026 35 40 -6.09996850787842e-10 1.329753184742508e-16
125.026 125.028 0 5 -1.568901441362777e-09 5.185801454177277e-14
125.026 125.028 5 10 -2.831336295047935e-09 1.044459042906788e-14
125.026 125.028 10 15 -2.521441001872122e-09 3.917307044330988e-14
125.026 125.028 15 20 -1.94948947142822e-09 1.104258457210839e-14
125.026 125.028 20 25 -1.450945042509089e-09 1.556803505363089e-14
125.026 125.028 25 30 -1.066463601471904e-09 2.830220657658453e-15
125.026 125.028 30 35 -7.78883853459566e-10 1.277146753609064e-15
125.026 125.028 35 40 -5.648796417271275e-10 6.210721245819227e-16
125.028 125.03 0 5 -1.460762632439651e-09 4.696884905403081e-14
125.028 125.03 5 10 -2.636190379321708e-09 7.324529995002225e-15
125.028 125.03 10 15 -2.347662337935005e-09 3.862684991076265e-14
125.028 125.03 15 20 -1.815135667619486e-09 1.194035826954334e-14
125.028 125.03 20 25 -1.350953653179074e-09 1.326832522951096e-14
125.028 125.03 25 30 -9.929715325297416e-10 3.541636946851581e-15
125.028 125.03 30 35 -7.252116944244802e-10 1.850928628286965e-15
125.028 125.03 35 40 -5.259561033239701e-10 1.058153956487406e-15
125.03 125.032 0 5 -1.366525083973363e-09 4.306700836685477e-14
125.03 125.032 5 10 -2.46613124836347e-09 5.258030706984397e-15
125.03 125.032 10 15 -2.196224257322533e-09 3.756694693101782e-14
125.03 125.032 15 20 -1.698054472544748e-09 1.227238801486548e-14
125.03 125.032 20 25 -1.263817473599209e-09 1.159803839223117e-14
125.03 125.032 25 30 -9.289280183774197e-10 3.915424963385173e-15
125.03 125.032 30 35 -6.78440067442268e-10 2.171199612116579e-15
125.03 125.032 35 40 -4.920370042482809e-10 1.308702311759158e-15
125.032 125.034 0 5 -1.283678041508711e-09 3.986281265347775e-14
125.032 125.034 5 10 -2.316627763663866e-09 3.852768858874025e-15
125.032 125.034 10 15 -2.06309152625328e-09 3.626668411422971e-14
125.032 125.034 15 20 -1.595125980364409e-09 1.228020059926624e-14
125.032 125.034 20 25 -1.187214457747711e-09 1.034008478947432e-14
125.032 125.034 25 30 -8.726263285365337e-10 4.088754221661579e-15
125.032 125.034 30 35 -6.373224783255139e-10 2.339382430450968e-15
125.032 125.034 35 40 -4.622183366975528e-10 1.446750448929559e-15
125.034 125.036 0 5 -1.210279436205992e-09 3.717052122422568e-14
125.034 125.036 5 10 -2.184175116875801e-09 2.874727513147032e-15
125.034 125.036 10 15 -1.945142939580463e-09 3.487546995227547e-14
125.034 125.036 15 20 -1.503936995693788e-09 1.210273881189339e-14
125.034 125.036 20 25 -1.119348550922055e-09 9.362099478823175e-15
125.034 125.036 25 30 -8.22746348918413e-10 4.141541642704785e-15
125.034 125.036 30 35 -6.008947994881841e-10 2.414808521341365e-15
125.034 125.036 35 40 -4.358008805884412e-10 1.515702261944085e-15
125.036 125.038 0 5 -1.144803899984132e-09 3.48661817806459e-14
125.036 125.038 5 10 -2.066020529367942e-09 2.179870077834931e-15
125.036 125.038 10 15 -1.839927028271193e-09 3.347513610649026e-14
125.036 125.038 15 20 -1.422592147299902e-09 1.182171291271266e-14
125.036 125.038 20 25 -1.058809102806606e-09 8.580476190471856e-15
125.036 125.038 25 30 -7.782512452761292e-10 4.121566858699677e-15
125.036 125.038 30 35 -5.683997964501599e-10 2.433128822629214e-15
125.036 125.038 35 40 -4.122354649973478e-10 1.541706538263141e-15
125.038 125.04 0 5 -1.086036938571183e-09 3.286407649037131e-14
125.038 125.04 5 10 -1.959972259132734e-09 1.677046847792766e-15
125.038 125.04 10 15 -1.745491962397789e-09 3.210980920287085e-14
125.038 125.04 15 20 -1.349582370657697e-09 1.148595030208417e-14
125.038 125.04 20 25 -1.004472980543874e-09 7.940693258218367e-15
125.038 125.04 25 30 -7.383155132447435e-10 4.057996548281873e-15
125.038 125.04 30 35 -5.392345784153827e-10 2.416250064090907e-15
125.038 125.04 35 40 -3.910848560145861e-10 1.54088437077869e-15
125.04 125.042 0 5 -1.03299973139189e-09 3.110301771037217e-14
125.04 125.042 5 10 -1.864263883348403e-09 1.307129812980361e-15
125.04 125.042 10 15 -1.660264683345451e-09 3.080223971919988e-14
125.04 125.042 15 20 -1.28369145477293e-09 1.112491645499574e-14
125.04 125.042 20 25 -9.554350130432929e-10 7.406143159887272e-15
125.04 125.042 25 30 -7.022738530398034e-10 3.96893246293599e-15
125.04 125.042 30 35 -5.129132586008561e-10 2.377880718244868e-15
125.04 125.042 35 40 -3.719966758664669e-10 1.523365284231882e-15
125.042 125.044 0 5 -9.848947129695666e-10 2.953808283591223e-14
125.042 125.044 5 10 -1.777456087234414e-09 1.030902115563451e-15
125.042 125.044 10 15 -1.582963439254887e-09 2.956295139464612e-14
125.042 125.044 15 20 -1.223928416327221e-09 1.075643676333691e-14
125.042 125.044 20 25 -9.109576584361489e-10 6.951584969397823e-15
125.042 125.044 25 30 -6.69584173896715e-10 3.865742548405281e-15
125.042 125.044 30 35 -4.890399344600401e-10 2.326721453551758e-15
125.042 125.044 35 40 -3.546838067440781e-10 1.495613891772008e-15
125.044 125.046 0 5 -9.410655421664904e-10 2.813545771327192e-14
125.044 125.046 5 10 -1.698364419698149e-09 8.218246350439494e-16
125.044 125.046 10 15 -1.512533446356699e-09 2.839547466997833e-14
125.044 125.046 15 20 -1.169477754597026e-09 1.039122389743026e-14
125.044 125.046 20 25 -8.704339800074752e-10 6.559179186054374e-15
125.044 125.046 25 30 -6.398003806709208e-10 3.755619262952218e-15
125.044 125.046 30 35 -4.672888124292663e-10 2.268352331265583e-15
125.044 125.046 35 40 -3.389099762908759e-10 1.461805801803321e-15
125.046 125.048 0 5 -9.009672156008916e-10 2.686912548156146e-14
125.046 125.048 5 10 -1.626005356760722e-09 6.616089701475354e-16
125.046 125.048 10 15 -1.448098854993294e-09 2.72993857516174e-14
125.046 125.048 15 20 -1.119662312947121e-09 1.003558478829365e-14
125.046 125.048 20 25 -8.333600050286727e-10 6.216030931509492e-15
125.046 125.048 25 30 -6.125520571439533e-10 3.643120858961348e-15
125.046 125.048 30 35 -4.473893697293416e-10 2.20637596030315e-15
125.046 125.048 35 40 -3.244789962759547e-10 1.424656891933222e-15
125.048 125.05 0 5 -8.641434521969294e-10 2.571867692275877e-14
125.048 125.05 5 10 -1.559555487514171e-09 5.374420148103996e-16
125.048 125.05 10 15 -1.388926402312762e-09 2.627209297268917e-14
125.048 125.05 15 20 -1.073915176263631e-09 9.693075577404268e-15
125.048 125.05 20 25 -7.99313808871102e-10 5.912622435575536e-15
125.048 125.05 25 30 -5.875290925783708e-10 3.531121074170449e-15
125.048 125.05 30 35 -4.291151265000854e-10 2.14311868940883e-15
125.048 125.05 35 40 -3.112266196704973e-10 1.385943201293031e-15
124.952 125.05 0 40 -6.641736522677181e-08 3.497514648366969e-12
