#q2lo q2hi qTlo qThi PDF0  uncertainty
124.952 124.954 0 5 1.311342913549934e-09 6.735292037641801e-14
124.952 124.954 5 10 2.24663153067613e-09 9.179334608419107e-16
124.952 124.954 10 15 1.899614034346256e-09 3.961058776399098e-14
124.952 124.954 15 20 1.409444252210879e-09 1.418951605439962e-14
124.952 124.954 20 25 1.012489961960203e-09 8.522749132808181e-15
124.952 124.954 25 30 7.19491500358698e-10 4.99911104361764e-15
124.952 124.954 30 35 5.072693529875188e-10 3.003681912247131e-15
124.952 124.954 35 40 3.534353828675324e-10 1.929084868648858e-15
124.954 124.956 0 5 1.369367057432087e-09 4.708938099291061e-14
124.954 124.956 5 10 2.345813674158531e-09 1.140222586146277e-15
124.954 124.956 10 15 1.98348784973083e-09 4.120199140620394e-14
124.954 124.956 15 20 1.471682848562969e-09 1.470065553787676e-14
124.954 124.956 20 25 1.057204591758478e-09 8.98021665399678e-15
124.954 124.956 25 30 7.512699001650902e-10 5.161179898626012e-15
124.954 124.956 30 35 5.296770185798433e-10 3.095001856849019e-15
124.954 124.956 35 40 3.690499032603843e-10 1.985502852247092e-15
124.956 124.958 0 5 1.43259091475422e-09 4.939695628122671e-14
124.956 124.958 5 10 2.454133872061637e-09 1.430288050718605e-15
124.956 124.958 10 15 2.075089199594911e-09 4.289951342550713e-14
124.956 124.958 15 20 1.539655596492889e-09 1.522902990265261e-14
124.956 124.958 20 25 1.10603881231617e-09 9.501039506842052e-15
124.956 124.958 25 30 7.859760326227045e-10 5.322968395448214e-15
124.956 124.958 30 35 5.541490674256064e-10 3.184017628850071e-15
124.956 124.958 35 40 3.861029423238475e-10 2.039653192160726e-15
124.958 124.96 0 5 1.50191959683738e-09 5.196465667908033e-14
124.958 124.96 5 10 2.572913218561941e-09 1.813486596471953e-15
124.958 124.96 10 15 2.175535242666738e-09 4.470523266698704e-14
124.958 124.96 15 20 1.614191463545381e-09 1.576733168526938e-14
124.958 124.96 20 25 1.159588172079394e-09 1.010136917035387e-14
124.958 124.96 25 30 8.240331399879841e-10 5.479439950448421e-15
124.958 124.96 30 35 5.809839290619999e-10 3.266874166860757e-15
124.958 124.96 35 40 4.048024503729649e-10 2.088756066102092e-15
124.96 124.962 0 5 1.578280006400279e-09 5.484504172794132e-14
124.96 124.962 5 10 2.703739717631929e-09 2.326607134916356e-15
124.96 124.962 10 15 2.286168841569342e-09 4.661628284807794e-14
124.96 124.962 15 20 1.696286894460131e-09 1.630280703640082e-14
124.96 124.962 20 25 1.218568537185889e-09 1.080345494536905e-14
124.96 124.962 25 30 8.659499703077238e-10 5.622514660301286e-15
124.96 124.962 30 35 6.105403225366612e-10 3.337511544989733e-15
124.96 124.962 35 40 4.253983876217724e-10 2.128473352128629e-15
124.962 124.964 0 5 1.662796165864006e-09 5.810749008726849e-14
124.962 124.964 5 10 2.848539081219941e-09 3.024006621568695e-15
124.962 124.964 10 15 2.408618430101072e-09 4.862090708695185e-14
124.962 124.964 15 20 1.787150233324914e-09 1.681386011010963e-14
124.962 124.964 20 25 1.283848004420094e-09 1.163866057409147e-14
124.962 124.964 25 30 9.123434565874359e-10 5.739268536829453e-15
124.962 124.964 30 35 6.432532470489519e-10 3.386376308167536e-15
124.962 124.964 35 40 4.481938662687276e-10 2.152011243143787e-15
124.964 124.966 0 5 1.75684438943347e-09 6.184586174554001e-14
124.964 124.966 5 10 3.009669249303385e-09 3.987616736514662e-15
124.964 124.966 10 15 2.544877939475317e-09 5.06916510903333e-14
124.964 124.966 15 20 1.888261029441592e-09 1.726438221342083e-14
124.964 124.966 20 25 1.356489506497573e-09 1.265230717743776e-14
124.964 124.966 25 30 9.639689943813554e-10 5.808943961498479e-15
124.964 124.966 30 35 6.796553300137751e-10 3.398296621859399e-15
124.964 124.966 35 40 4.735600255178551e-10 2.148627547059106e-15
124.966 124.968 0 5 1.862128012431208e-09 6.61907438228989e-14
124.966 124.968 5 10 3.190048414594707e-09 5.343710933446115e-15
124.966 124.968 10 15 2.697415055592924e-09 5.27734153008969e-14
124.966 124.968 15 20 2.0014503646506e-09 1.759404497769783e-14
124.966 124.968 20 25 1.437808518879347e-09 1.39116801135583e-14
124.966 124.968 25 30 1.021761451174493e-09 5.797875706289681e-15
124.966 124.968 30 35 7.204057417103509e-10 3.348865618603923e-15
124.966 124.968 35 40 5.019561787327463e-10 2.101111144528046e-15
124.968 124.97 0 5 1.980780237208204e-09 7.132966767802873e-14
124.968 124.97 5 10 3.393331215079526e-09 7.291768381049248e-15
124.968 124.97 10 15 2.869320206014724e-09 5.476211182511076e-14
124.968 124.97 15 20 2.129011401671806e-09 1.770131344727303e-14
124.968 124.97 20 25 1.529452476839839e-09 1.551964931850063e-14
124.968 124.97 25 30 1.086891603875409e-09 5.650641137706524e-15
124.968 124.97 30 35 7.663299876725837e-10 3.198177406664608e-15
124.968 124.97 35 40 5.33957539832099e-10 1.981393968935639e-15
124.97 124.972 0 5 2.115508195948435e-09 7.754175077167458e-14
124.97 124.972 5 10 3.624155536710434e-09 1.015577273749827e-14
124.97 124.972 10 15 3.064515252964349e-09 5.646555544885308e-14
124.97 124.972 15 20 2.273854233398287e-09 1.741281862042651e-14
124.97 124.972 20 25 1.633512017343652e-09 1.763864815423284e-14
124.97 124.972 25 30 1.160845192051357e-09 5.274191732278925e-15
124.97 124.972 30 35 8.184756464042192e-10 2.87957512613115e-15
124.97 124.972 35 40 5.70294059641923e-10 1.742701939558696e-15
124.972 124.974 0 5 2.269798754548297e-09 8.52595026122914e-14
124.972 124.974 5 10 3.88849508616475e-09 1.44786553963912e-14
124.972 124.974 10 15 3.288051621832329e-09 5.752966554115806e-14
124.972 124.974 15 20 2.439727091399142e-09 1.642632143246823e-14
124.972 124.974 20 25 1.752679891541522e-09 2.053446338453867e-14
124.972 124.974 25 30 1.245535847209494e-09 4.50840075467774e-15
124.972 124.974 30 35 8.78191991303109e-10 2.278804704082824e-15
124.972 124.974 35 40 6.119059036021764e-10 1.304996750444049e-15
124.974 124.976 0 5 2.448219062816303e-09 9.518412107798408e-14
124.974 124.976 5 10 4.194174274289732e-09 2.120323573713655e-14
124.974 124.976 10 15 3.546545672624297e-09 5.729426186759708e-14
124.974 124.976 15 20 2.631539384791716e-09 1.420040130871919e-14
124.974 124.976 20 25 1.890483028687532e-09 2.46595491396677e-14
124.974 124.976 25 30 1.343470004979616e-09 3.069251491942492e-15
124.974 124.976 30 35 9.472462626623411e-10 1.193851597081511e-15
124.974 124.976 35 40 6.600244650248715e-10 5.269699213869705e-16
124.976 124.978 0 5 2.65686647682193e-09 1.085116685635991e-13
124.976 124.978 5 10 4.551638987532696e-09 3.203507964727347e-14
124.976 124.978 10 15 3.848830436695935e-09 5.449928242082085e-14
124.976 124.978 15 20 2.855845274202239e-09 9.731558180509585e-15
124.976 124.978 20 25 2.051629921709761e-09 3.081920703404021e-14
124.976 124.978 25 30 1.457993766422047e-09 4.343238033971147e-16
124.976 124.978 30 35 1.027997716401207e-09 7.459797270997809e-16
124.976 124.978 35 40 7.162936331745812e-10 8.504021069321856e-16
124.978 124.98 0 5 2.904061229209327e-09 1.27402573813501e-13
124.978 124.98 5 10 4.975143203377858e-09 5.020935838011072e-14
124.978 124.98 10 15 4.206958964070591e-09 4.665620542870028e-14
124.978 124.98 15 20 3.121588124375082e-09 1.080329080833369e-15
124.978 124.98 20 25 2.242545414599333e-09 4.052123681965507e-14
124.978 124.98 25 30 1.59367292780832e-09 4.400249241674504e-15
124.978 124.98 30 35 1.123665559480384e-09 4.251665089871658e-15
124.978 124.98 35 40 7.829564738643579e-10 3.323522436766045e-15
124.98 124.982 0 5 3.201447324362378e-09 1.560215106532559e-13
124.98 124.982 5 10 5.484634912326228e-09 8.221363894658378e-14
124.98 124.982 10 15 4.637798948365929e-09 2.862238467289104e-14
124.98 124.982 15 20 3.441283649872906e-09 1.569828764104787e-14
124.98 124.982 20 25 2.472220619307026e-09 5.675872912688155e-14
124.98 124.982 25 30 1.756896939274809e-09 1.346756278990716e-14
124.98 124.982 30 35 1.238754757140534e-09 1.076111740660566e-14
124.98 124.982 35 40 8.631518998140873e-10 7.895690525943741e-15
124.982 124.984 0 5 3.565806901468171e-09 2.030206453231665e-13
124.982 124.984 5 10 6.108864216920444e-09 1.419472939826054e-13
124.982 124.984 10 15 5.165660703550114e-09 1.086588231458849e-14
124.982 124.984 15 20 3.832969730685371e-09 4.914624781935713e-14
124.982 124.984 20 25 2.75361354880578e-09 8.589506291717837e-14
124.982 124.984 25 30 1.956874190663048e-09 3.115575435679463e-14
124.982 124.984 30 35 1.379757722989033e-09 2.337463184094116e-14
124.982 124.984 35 40 9.614035439761264e-10 1.672913134545916e-14
124.984 124.986 0 5 4.022176388921772e-09 2.880210781551468e-13
124.984 124.986 5 10 6.890721353594791e-09 2.616670874734389e-13
124.984 124.986 10 15 5.82681048652232e-09 9.836506381831354e-14
124.984 124.986 15 20 4.323554974335961e-09 1.19239597730613e-13
124.984 124.986 20 25 3.10605447382191e-09 1.426146284851948e-13
124.984 124.986 25 30 2.20734121377092e-09 6.77033323137154e-14
124.984 124.986 30 35 1.556359299557446e-09 4.932047826226978e-14
124.984 124.986 35 40 1.084459254094305e-09 3.486336464542988e-14
124.986 124.988 0 5 4.609451492105689e-09 4.604416215342648e-13
124.986 124.988 5 10 7.896837843713641e-09 5.239716965098184e-13
124.986 124.988 10 15 6.677588041526045e-09 3.026261915694904e-13
124.986 124.988 15 20 4.954841160421568e-09 2.77404494480814e-13
124.986 124.988 20 25 3.559571863426665e-09 2.643695335846829e-13
124.986 124.988 25 30 2.529636523557018e-09 1.494263135285543e-13
124.986 124.988 30 35 1.783603728601681e-09 1.071678309201795e-13
124.986 124.988 35 40 1.242800729928911e-09 7.524174511592115e-14
124.988 124.99 0 5 5.390838025438666e-09 1.36445491181239e-13
124.988 124.99 5 10 9.235722562836605e-09 1.220414889037867e-15
124.988 124.99 10 15 7.809864043759864e-09 1.256328551973646e-13
124.988 124.99 15 20 5.794943762258045e-09 4.632106279428359e-14
124.988 124.99 20 25 4.163037661379061e-09 2.447033804392577e-14
124.988 124.99 25 30 2.958522175966782e-09 1.672195985519124e-14
124.988 124.99 30 35 2.085996865123721e-09 1.018252449056308e-14
124.988 124.99 35 40 1.453500681014239e-09 6.589484747740267e-15
124.99 124.992 0 5 6.475211396761153e-09 1.608596683806378e-13
124.99 124.992 5 10 1.109345095984178e-08 4.573026200865088e-15
124.99 124.992 10 15 9.38073591885051e-09 1.524230796797271e-13
124.99 124.992 15 20 6.960499053902754e-09 5.718274766109021e-14
124.99 124.992 20 25 5.000336578983921e-09 2.776933315205518e-14
124.99 124.992 25 30 3.55354175097438e-09 2.093550122129738e-14
124.99 124.992 30 35 2.50551821505061e-09 1.284429558998898e-14
124.99 124.992 35 40 1.745805445333264e-09 8.34697100043465e-15
124.992 124.994 0 5 8.056666936129795e-09 1.874978934921385e-13
124.992 124.994 5 10 1.380268615034864e-08 2.25737360830785e-14
124.992 124.994 10 15 1.167154970957719e-08 2.013840545167672e-13
124.992 124.994 15 20 8.660181159401682e-09 8.081230506528738e-14
124.992 124.994 20 25 6.221297389829689e-09 2.642988557741724e-14
124.992 124.994 25 30 4.421180019494316e-09 3.112356266656139e-14
124.992 124.994 30 35 3.117228715934158e-09 1.959235760681356e-14
124.992 124.994 35 40 2.172001028306034e-09 1.291205868030508e-14
124.994 124.996 0 5 1.046086046827949e-08 1.58031118955587e-13
124.994 124.996 5 10 1.792112169240733e-08 1.626933283654222e-13
124.994 124.996 10 15 1.515367902536229e-08 3.6738575722833e-13
124.994 124.996 15 20 1.124359983849994e-08 1.861021148342405e-13
124.994 124.996 20 25 8.076972439962777e-09 2.719236046135498e-14
124.994 124.996 25 30 5.739776177511622e-09 8.223704112026638e-14
124.994 124.996 30 35 4.046812029499455e-09 5.50187938480813e-14
124.994 124.996 35 40 2.819612014916945e-09 3.74043643607633e-14
124.996 124.998 0 5 1.364483171307087e-08 7.013309342158582e-13
124.996 124.998 5 10 2.337421010087018e-08 1.727520880404172e-12
124.996 124.998 10 15 1.976318015586587e-08 1.739649587372044e-12
124.996 124.998 15 20 1.46626937371423e-08 1.185887374177356e-12
124.996 124.998 20 25 1.053241144619436e-08 7.227337824834617e-13
124.996 124.998 25 30 7.484187563457877e-09 5.899477475692832e-13
124.996 124.998 30 35 5.276297572660423e-09 4.123677236498386e-13
124.996 124.998 35 40 3.675912170481049e-09 2.862060023263424e-13
124.998 125 0 5 9.284500837909614e-09 8.601055216203915e-14
124.998 125 5 10 1.589805842416979e-08 9.695754569735686e-16
124.998 125 10 15 1.343557045006808e-08 7.93390294108988e-14
124.998 125 15 20 9.963718138082117e-09 2.930461115578882e-14
124.998 125 20 25 7.154040807662272e-09 1.531927793212623e-14
124.998 125 25 30 5.081397691852789e-09 1.059259172087339e-14
124.998 125 30 35 3.580615191804441e-09 6.455218819371112e-15
124.998 125 35 40 2.493098911146198e-09 4.179051382665054e-15
125 125.002 0 5 -1.349932410732474e-08 1.346228759063809e-13
125 125.002 5 10 -2.31395138379311e-08 1.001881842829774e-15
125 125.002 10 15 -1.957837916705304e-08 1.238479915200483e-13
125 125.002 15 20 -1.453451283869066e-08 4.561352743676045e-14
125 125.002 20 25 -1.044641581039029e-08 2.42610197434194e-14
125 125.002 25 30 -7.427637038561483e-09 1.645440508363123e-14
125 125.002 30 35 -5.239989653854388e-09 1.00148668789781e-14
125 125.002 35 40 -3.653613109866946e-09 6.479539402175251e-15
125.002 125.004 0 5 -1.543932829848541e-08 6.86654039766159e-13
125.002 125.004 5 10 -2.645768350370925e-08 1.777069228933195e-12
125.002 125.004 10 15 -2.237916982323977e-08 1.821530443505595e-12
125.002 125.004 15 20 -1.660945160335813e-08 1.231846695039335e-12
125.002 125.004 20 25 -1.193483117071781e-08 7.373820693185009e-13
125.002 125.004 25 30 -8.483691553415919e-09 6.113503605486701e-13
125.002 125.004 30 35 -5.983276558187448e-09 4.270016598185933e-13
125.002 125.004 35 40 -4.170417230174924e-09 2.962886224302671e-13
125.004 125.006 0 5 -1.126600203344481e-08 1.763062269229582e-13
125.004 125.006 5 10 -1.930494964042177e-08 1.657134506001875e-13
125.004 125.006 10 15 -1.632801836931886e-08 3.882938696119809e-13
125.004 125.006 15 20 -1.211771494671155e-08 1.947413195633853e-13
125.004 125.006 20 25 -8.706806435409576e-09 2.489172042631412e-14
125.004 125.006 25 30 -6.18875318282791e-09 8.564568930623498e-14
125.004 125.006 30 35 -4.36445949546751e-09 5.719109710556085e-14
125.004 125.006 35 40 -3.04185376503193e-09 3.884825495245935e-14
125.006 125.008 0 5 -8.495438604927133e-09 1.98365523133954e-13
125.006 125.008 5 10 -1.455711226846841e-08 2.288426293254199e-14
125.006 125.008 10 15 -1.231202357630362e-08 2.117738264797847e-13
125.006 125.008 15 20 -9.137077996541398e-09 8.472049259122351e-14
125.006 125.008 20 25 -6.56502805430497e-09 2.832496004503867e-14
125.006 125.008 25 30 -4.666285473243665e-09 3.256045590667246e-14
125.006 125.008 30 35 -3.290697949984027e-09 2.047581719810632e-14
125.006 125.008 35 40 -2.293416970367883e-09 1.34874132018271e-14
125.008 125.01 0 5 -6.748382815565404e-09 1.677447853993589e-13
125.008 125.01 5 10 -1.156338515080808e-08 4.623630404206118e-15
125.008 125.01 10 15 -9.779900174035391e-09 1.588116440007885e-13
125.008 125.01 15 20 -7.257851072510758e-09 5.954059633282149e-14
125.008 125.01 20 25 -5.214746727287589e-09 2.902445346413825e-14
125.008 125.01 25 30 -3.706495831195695e-09 2.178869044454417e-14
125.008 125.01 30 35 -2.613817751678025e-09 1.336428263576189e-14
125.008 125.01 35 40 -1.821647226692534e-09 8.68382382952702e-15
125.01 125.012 0 5 -5.576659264806156e-09 1.411521683972272e-13
125.01 125.012 5 10 -9.555593934863331e-09 1.231876728776237e-15
125.01 125.012 10 15 -8.081743024270336e-09 1.299752327533948e-13
125.01 125.012 15 20 -5.997589923463195e-09 4.791667492176293e-14
125.01 125.012 20 25 -4.30923407840498e-09 2.533869605065164e-14
125.01 125.012 25 30 -3.062868396068776e-09 1.729717772316736e-14
125.01 125.012 30 35 -2.159920762240275e-09 1.053233621568183e-14
125.01 125.012 35 40 -1.505303029548776e-09 6.815795316230907e-15
125.012 125.014 0 5 -4.74393362296374e-09 4.680320737614537e-13
125.012 125.014 5 10 -8.128505542661839e-09 5.294147397712301e-13
125.012 125.014 10 15 -6.874648316330616e-09 3.032028851280929e-13
125.012 125.014 15 20 -5.101820061446685e-09 2.794441159522009e-13
125.012 125.014 20 25 -3.66567429967905e-09 2.677966168852287e-13
125.012 125.014 25 30 -2.60541162656217e-09 1.507563718174181e-13
125.012 125.014 30 35 -1.837322068517862e-09 1.08182433892586e-13
125.012 125.014 35 40 -1.280473015289017e-09 7.598483842295e-14
125.014 125.016 0 5 -4.124027701597362e-09 2.927892298369741e-13
125.014 125.016 5 10 -7.066332483446762e-09 2.640907462442757e-13
125.014 125.016 10 15 -5.976323556858904e-09 9.734017206656407e-14
125.014 125.016 15 20 -4.435156341565007e-09 1.19688385787082e-13
125.014 125.016 20 25 -3.186675180669269e-09 1.44417614152417e-13
125.014 125.016 25 30 -2.264958698613033e-09 6.813895128797792e-14
125.014 125.016 30 35 -1.597236491638677e-09 4.968104249948572e-14
125.014 125.016 35 40 -1.113151508504938e-09 3.513800335928896e-14
125.016 125.018 0 5 -3.645669649187599e-09 2.063517238766742e-13
125.016 125.018 5 10 -6.246701128713396e-09 1.431439093683709e-13
125.016 125.018 10 15 -5.283133661961393e-09 9.453783068048966e-15
125.016 125.018 15 20 -3.920731622692332e-09 4.904084953607734e-14
125.016 125.018 20 25 -2.81706315474469e-09 8.697820037876175e-14
125.016 125.018 25 30 -2.002255993678169e-09 3.125763401227197e-14
125.016 125.018 30 35 -1.411981785080961e-09 2.348594991899569e-14
125.016 125.018 35 40 -9.840445174781467e-10 1.68230380206315e-14
125.018 125.02 0 5 -3.265805266893527e-09 1.585169894887246e-13
125.018 125.02 5 10 -5.595836073412659e-09 8.285486047682384e-14
125.018 125.02 10 15 -4.732679446407005e-09 3.004125505118008e-14
125.018 125.02 15 20 -3.51223559796629e-09 1.540166391345281e-14
125.018 125.02 20 25 -2.523562354231247e-09 5.747880080735694e-14
125.018 125.02 25 30 -1.793650986216781e-09 1.343811947053845e-14
125.018 125.02 30 35 -1.264877229960871e-09 1.077085358008217e-14
125.018 125.02 35 40 -8.815259275341391e-10 7.914535913316031e-15
125.02 125.022 0 5 -2.957084204450794e-09 1.293626357404233e-13
125.02 125.022 5 10 -5.066871989614696e-09 5.057657359364757e-14
125.02 125.022 10 15 -4.285322980353247e-09 4.796621383062592e-14
125.02 125.022 15 20 -3.180250965436027e-09 1.431308011563178e-15
125.02 125.022 20 25 -2.285035547086359e-09 4.103784768722599e-14
125.02 125.022 25 30 -1.624119551143011e-09 4.319499483570141e-15
125.02 125.022 30 35 -1.145327392521592e-09 4.219080047339803e-15
125.02 125.022 35 40 -7.982110995111442e-10 3.310100526805372e-15
125.022 125.024 0 5 -2.701355605070261e-09 1.101034969341053e-13
125.022 125.024 5 10 -4.628707451448791e-09 3.22572476328043e-14
125.022 125.024 10 15 -3.914759556783612e-09 5.567434972185082e-14
125.022 125.024 15 20 -2.905255915827291e-09 1.008361039090548e-14
125.022 125.024 20 25 -2.087455876067186e-09 3.121157593236617e-14
125.022 125.024 25 30 -1.483691668078172e-09 5.327744172138831e-16
125.022 125.024 30 35 -1.046301230791046e-09 6.965122159177769e-16
125.022 125.024 35 40 -7.291997286671359e-10 8.233173744831445e-16
125.024 125.026 0 5 -2.486124598212115e-09 9.650915248934944e-14
125.024 125.026 5 10 -4.259932763209355e-09 2.134398862142373e-14
125.024 125.026 10 15 -3.60288166316583e-09 5.833876254498564e-14
125.024 125.026 15 20 -2.67381224640534e-09 1.453333640818485e-14
125.024 125.026 20 25 -1.921167779488642e-09 2.497057495853876e-14
125.024 125.026 25 30 -1.365504417280265e-09 3.170838759132424e-15
125.024 125.026 30 35 -9.629589397406466e-10 1.248794242587398e-15
125.024 125.026 35 40 -6.711187431864272e-10 5.592304174341409e-16
125.026 125.028 0 5 -2.302519786534342e-09 8.638352091345827e-14
125.026 125.028 5 10 -3.94534710005931e-09 1.45713929706749e-14
125.026 125.028 10 15 -3.336833133100641e-09 5.845731774388584e-14
125.026 125.028 15 20 -2.476379032997055e-09 1.673360691514442e-14
125.026 125.028 20 25 -1.779316003207177e-09 2.07891521220562e-14
125.026 125.028 25 30 -1.264685303363931e-09 4.606848945475699e-15
125.026 125.028 30 35 -8.918644134182168e-10 2.334025124593224e-15
125.026 125.028 35 40 -6.215733961180426e-10 1.338453637102234e-15
125.028 125.03 0 5 -2.144074208699143e-09 7.850969209695211e-14
125.028 125.03 5 10 -3.673869629603219e-09 1.021896641593617e-14
125.028 125.03 10 15 -3.107242373733875e-09 5.7291740758402e-14
125.028 125.03 15 20 -2.306001397774743e-09 1.769362863084404e-14
125.028 125.03 20 25 -1.656903425638883e-09 1.785250528058027e-14
125.028 125.03 25 30 -1.177682555965644e-09 5.366975806107174e-15
125.028 125.03 30 35 -8.305129456295199e-10 2.932749964038485e-15
125.028 125.03 35 40 -5.788180823464125e-10 1.775492601096255e-15
125.03 125.032 0 5 -2.005965434339037e-09 7.217351100898281e-14
125.03 125.032 5 10 -3.437237393774691e-09 7.336105989801029e-15
125.03 125.032 10 15 -2.907121049040378e-09 5.550118326977956e-14
125.03 125.032 15 20 -2.157493162489336e-09 1.795712743393979e-14
125.03 125.032 20 25 -1.550203766185139e-09 1.57028063002256e-14
125.03 125.032 25 30 -1.10184768683832e-09 5.736969551995226e-15
125.03 125.032 30 35 -7.770368358124606e-10 3.248352175675113e-15
125.03 125.032 35 40 -5.415511549756961e-10 2.012691913264482e-15
125.032 125.034 0 5 -1.88452573059402e-09 6.69340049195859e-14
125.032 125.034 5 10 -3.229165973996591e-09 5.375622990310198e-15
125.032 125.034 10 15 -2.731154187593898e-09 5.34379065980189e-14
125.032 125.034 15 20 -2.026910003850496e-09 1.782715721165594e-14
125.032 125.034 20 25 -1.45638303269629e-09 1.407105784387381e-14
125.032 125.034 25 30 -1.035166419785096e-09 5.87775930951257e-15
125.032 125.034 30 35 -7.300156341737954e-10 3.395752771401329e-15
125.032 125.034 35 40 -5.087826736898353e-10 2.130590719636601e-15
125.034 125.036 0 5 -1.776916944293362e-09 6.250629797975372e-14
125.034 125.036 5 10 -3.044792402964296e-09 4.011107842452868e-15
125.034 125.036 10 15 -2.575229013013918e-09 5.129220964009729e-14
125.034 125.036 15 20 -1.911199779070917e-09 1.747724440837505e-14
125.034 125.036 20 25 -1.373248272455137e-09 1.279281380199157e-14
125.034 125.036 25 30 -9.760801076700552e-10 5.882743901124585e-15
125.034 125.036 30 35 -6.883502016300052e-10 3.441928035606369e-15
125.034 125.036 35 40 -4.79746630465951e-10 2.176221516088268e-15
125.036 125.038 0 5 -1.680909090486984e-09 5.869880767756355e-14
125.036 125.038 5 10 -2.880295779566445e-09 3.041646830466539e-15
125.036 125.038 10 15 -2.436114073235521e-09 4.916647475272496e-14
125.036 125.038 15 20 -1.807964395982158e-09 1.700880851837932e-14
125.036 125.038 20 25 -1.299076471562098e-09 1.176388231044106e-14
125.036 125.038 25 30 -9.23364118206102e-10 5.807480779083727e-15
125.036 125.038 30 35 -6.511769458687674e-10 3.426931874588169e-15
125.036 125.038 35 40 -4.538411766469466e-10 2.177771969986752e-15
125.038 125.04 0 5 -1.594726095687935e-09 5.537801729066476e-14
125.038 125.04 5 10 -2.732632953971044e-09 2.340091367559511e-15
125.038 125.04 10 15 -2.311235693638024e-09 4.711434198763038e-14
125.038 125.04 15 20 -1.715293911707035e-09 1.648195663473518e-14
125.038 125.04 20 25 -1.232495352493649e-09 1.091609047708712e-14
125.038 125.04 25 30 -8.760431082208115e-10 5.685668342695411e-15
125.038 125.04 30 35 -6.178080720094366e-10 3.3752264690655e-15
125.038 125.04 35 40 -4.30586981187132e-10 2.15251553592388e-15
125.04 125.042 0 5 -1.516936128770922e-09 5.24478954694771e-14
125.04 125.042 5 10 -2.599350613506805e-09 1.823957631414391e-15
125.04 125.042 10 15 -2.198519047813498e-09 4.516205039520468e-14
125.04 125.042 15 20 -1.631648586774413e-09 1.593255142663753e-14
125.04 125.042 20 25 -1.172398628731791e-09 1.020349081276313e-14
125.04 125.042 25 30 -8.333307893536527e-10 5.538048608626956e-15
125.04 125.042 30 35 -5.876891050993359e-10 3.30200097018566e-15
125.04 125.042 35 40 -4.095976265231937e-10 2.111212628983803e-15
125.042 125.044 0 5 -1.446372203595989e-09 4.983742521332358e-14
125.042 125.044 5 10 -2.478449238717527e-09 1.438537186305087e-15
125.042 125.044 10 15 -2.096273098378549e-09 4.332035225097136e-14
125.042 125.044 15 20 -1.555773496820092e-09 1.538194801557614e-14
125.042 125.044 20 25 -1.117884652626149e-09 9.594271105234027e-15
125.042 125.044 25 30 -7.945863211173556e-10 5.377504039554994e-15
125.042 125.044 30 35 -5.603681384509602e-10 3.216800367651723e-15
125.042 125.044 35 40 -3.905581767546358e-10 2.060663772400956e-15
125.044 125.046 0 5 -1.38207375048076e-09 4.749278603219206e-14
125.044 125.046 5 10 -2.368282989045955e-09 1.146805417673969e-15
125.044 125.046 10 15 -2.003105925673681e-09 4.159128805068294e-14
125.044 125.046 15 20 -1.48663569615156e-09 1.484268575942893e-14
125.044 125.046 20 25 -1.06821126711561e-09 9.065851247385646e-15
125.044 125.046 25 30 -7.592822212269542e-10 5.212068801197065e-15
125.044 125.046 30 35 -5.354732040710643e-10 3.125671313277553e-15
125.044 125.046 35 40 -3.732094064565967e-10 2.005199245773612e-15
125.046 125.048 0 5 -1.323242978465793e-09 4.537230586715003e-14
125.046 125.048 5 10 -2.267484932078468e-09 9.232478795562434e-16
125.046 125.048 10 15 -1.917861490938336e-09 3.99721016781692e-14
125.046 125.048 15 20 -1.423377288487669e-09 1.432188225392459e-14
125.046 125.048 20 25 -1.022762086946477e-09 8.601834761925174e-15
125.046 125.048 25 30 -7.269803996567221e-10 5.046734274250065e-15
125.046 125.048 30 35 -5.126953720063177e-10 3.032446291591833e-15
125.046 125.048 35 40 -3.573360221849112e-10 1.947590008821256e-15
125.048 125.05 0 5 -1.269211843600026e-09 4.344310616365337e-14
125.048 125.05 5 10 -2.17491044578763e-09 7.499880404481919e-16
125.048 125.05 10 15 -1.839571769359234e-09 3.845751508129788e-14
125.048 125.05 15 20 -1.365279904082625e-09 1.382330156913771e-14
125.048 125.05 20 25 -9.810209754831375e-10 8.19006068557309e-15
125.048 125.05 25 30 -6.973140178627903e-10 4.884557845643801e-15
125.048 125.05 30 35 -4.917759575985583e-10 2.939546114692807e-15
125.048 125.05 35 40 -3.427577469441756e-10 1.889609408719304e-15
124.952 125.05 0 40 -7.06713888156491e-08 4.694801374964605e-12
