#q2lo q2hi qTlo qThi PDF0  uncertainty
124.952 124.954 0 5 1.362040674638582e-09 6.989372975108184e-14
124.952 124.954 5 10 2.334867943137732e-09 3.158756238837957e-16
124.952 124.954 10 15 1.975525553098721e-09 4.16997382656364e-14
124.952 124.954 15 20 1.466636421712693e-09 1.514970929303028e-14
124.952 124.954 20 25 1.054169135839855e-09 8.573926125429384e-15
124.952 124.954 25 30 7.495465339898174e-10 5.402908647101377e-15
124.952 124.954 30 35 5.288040923829383e-10 3.268035004732057e-15
124.952 124.954 35 40 3.687297009005672e-10 2.106937241918162e-15
124.954 124.956 0 5 1.485879760548476e-09 5.056571740542075e-14
124.954 124.956 5 10 2.546913659649553e-09 4.098999210373085e-16
124.954 124.956 10 15 2.154950475696853e-09 4.542945993411505e-14
124.954 124.956 15 20 1.599850738280778e-09 1.648383679021132e-14
124.954 124.956 20 25 1.149924911826939e-09 9.381709271140753e-15
124.954 124.956 25 30 8.176359796608901e-10 5.872397799509362e-15
124.954 124.956 30 35 5.76844304610763e-10 3.549910731386341e-15
124.954 124.956 35 40 4.022302738893139e-10 2.287892852997124e-15
124.956 124.958 0 5 1.62720338022964e-09 5.54238820929962e-14
124.956 124.958 5 10 2.789170344135101e-09 5.382124713056516e-16
124.956 124.958 10 15 2.35993940637672e-09 4.967250530652272e-14
124.956 124.958 15 20 1.752045507513113e-09 1.799478193619412e-14
124.956 124.958 20 25 1.259324302155805e-09 1.031393290034511e-14
124.956 124.958 25 30 8.954272438148859e-10 6.402023736528477e-15
124.956 124.958 30 35 6.317297453917143e-10 3.867188048386874e-15
124.956 124.958 35 40 4.405044539375108e-10 2.491313012662828e-15
124.958 124.96 0 5 1.789661423986142e-09 6.102556670103834e-14
124.958 124.96 5 10 3.06765647122889e-09 7.158575765846995e-16
124.958 124.96 10 15 2.595585141271934e-09 5.45240849430381e-14
124.958 124.96 15 20 1.927002007942981e-09 1.971257413262681e-14
124.958 124.96 20 25 1.38508541003645e-09 1.139907737940685e-14
124.958 124.96 25 30 9.848531585287035e-10 7.001118229444406e-15
124.958 124.96 30 35 6.948241616820628e-10 4.225050633175501e-15
124.958 124.96 35 40 4.845032798275261e-10 2.720373409200039e-15
124.96 124.962 0 5 1.977683806382899e-09 6.753377650460435e-14
124.96 124.962 5 10 3.389966060853118e-09 9.657180238504291e-16
124.96 124.962 10 15 2.868313703543788e-09 6.010099870078147e-14
124.96 124.962 15 20 2.129491413613326e-09 2.1672641202131e-14
124.96 124.962 20 25 1.530637911389807e-09 1.26748287362946e-14
124.96 124.962 25 30 1.088352555461081e-09 7.680197361869336e-15
124.96 124.962 30 35 7.678483206255118e-10 4.629156546725871e-15
124.96 124.962 35 40 5.354267681673236e-10 2.978458742425413e-15
124.962 124.964 0 5 2.196923833623929e-09 7.516017074353209e-14
124.962 124.964 5 10 3.765790357878397e-09 1.323328633604643e-15
124.962 124.964 10 15 3.186325791221349e-09 6.654689422147112e-14
124.962 124.964 15 20 2.365602562091192e-09 2.391619803456312e-14
124.962 124.964 20 25 1.700358667307257e-09 1.419212896016997e-14
124.962 124.964 25 30 1.209037810679103e-09 8.450643548589798e-15
124.962 124.964 30 35 8.529982253636974e-10 5.085284182870476e-15
124.962 124.964 35 40 5.948063548576487e-10 3.268890012941187e-15
124.964 124.966 0 5 2.454686778528913e-09 8.418430497864805e-14
124.964 124.966 5 10 4.207652529415891e-09 1.845117351957173e-15
124.964 124.966 10 15 3.560218482260194e-09 7.403842863372068e-14
124.964 124.966 15 20 2.643203561027323e-09 2.648987597494479e-14
124.964 124.966 20 25 1.899903545194294e-09 1.602153735964894e-14
124.964 124.966 25 30 1.350930803970965e-09 9.323780403121105e-15
124.964 124.966 30 35 9.531116027295928e-10 5.598520352685913e-15
124.964 124.966 35 40 6.646210006161884e-10 3.594292960431713e-15
124.966 124.968 0 5 2.760544204585597e-09 9.498281737551408e-14
124.966 124.968 5 10 4.731960789083823e-09 2.622991592661016e-15
124.966 124.968 10 15 4.003876395339992e-09 8.279173625467402e-14
124.966 124.968 15 20 2.97260346212246e-09 2.944343818204383e-14
124.966 124.968 20 25 2.136683056703238e-09 1.826359479156319e-14
124.966 124.968 25 30 1.519301147169965e-09 1.030866483827987e-14
124.966 124.968 30 35 1.071906549917183e-09 6.171440563762873e-15
124.966 124.968 35 40 7.474636190210945e-10 3.955266037869258e-15
124.968 124.97 0 5 3.127231956824148e-09 1.080751083827037e-13
124.968 124.97 5 10 5.360547807691161e-09 3.810870499455954e-15
124.968 124.97 10 15 4.535774350918799e-09 9.306745944665611e-14
124.968 124.97 15 20 3.367519468961445e-09 3.28231662209424e-14
124.968 124.97 20 25 2.420557626335756e-09 2.106632008622195e-14
124.968 124.97 25 30 1.721160593298491e-09 1.140716383937932e-14
124.968 124.97 30 35 1.214330379326859e-09 6.80030278563381e-15
124.968 124.97 35 40 8.467843551900981e-10 4.347599689512329e-15
124.97 124.972 0 5 3.571991782629614e-09 1.241976279354031e-13
124.97 124.972 5 10 6.122970633828033e-09 5.67475474896126e-15
124.97 124.972 10 15 5.180923583770244e-09 1.05169403646726e-13
124.97 124.972 15 20 3.846521974281919e-09 3.665540935185413e-14
124.97 124.972 20 25 2.764876344288943e-09 2.465605917615501e-14
124.97 124.972 25 30 1.966001699808575e-09 1.260326782900288e-14
124.97 124.972 30 35 1.387080804570321e-09 7.466964937416549e-15
124.97 124.972 35 40 9.67254052673974e-10 4.756480150769721e-15
124.972 124.974 0 5 4.118625475748668e-09 1.444301336873251e-13
124.972 124.974 5 10 7.060032086299869e-09 8.690956760563887e-15
124.972 124.974 10 15 5.973851578852433e-09 1.194241511361074e-13
124.972 124.974 15 20 4.435247051056977e-09 4.0907825546951e-14
124.972 124.974 20 25 3.18806739836463e-09 2.939444220475642e-14
124.972 124.974 25 30 2.266928795096995e-09 1.383978863304735e-14
124.972 124.974 30 35 1.599403928549532e-09 8.121630842808734e-15
124.972 124.974 35 40 1.115320758482977e-09 5.1441918433692e-15
124.974 124.976 0 5 4.800728306622262e-09 1.70421578745564e-13
124.974 124.976 5 10 8.229323788122343e-09 1.374751962969729e-14
124.974 124.976 10 15 6.963292644985758e-09 1.361092595494838e-13
124.974 124.976 15 20 5.169879148402812e-09 4.539892936482689e-14
124.974 124.976 20 25 3.716141584798474e-09 3.588913216514031e-14
124.974 124.976 25 30 2.642438243017274e-09 1.496662619652519e-14
124.974 124.976 30 35 1.864350364890603e-09 8.645079238882962e-15
124.974 124.976 35 40 1.300085724438104e-09 5.423400579565767e-15
124.976 124.978 0 5 5.666941991991038e-09 2.048194778782469e-13
124.976 124.978 5 10 9.714231284903568e-09 2.257886014602718e-14
124.976 124.978 10 15 8.219808149663924e-09 1.552454497975956e-13
124.976 124.978 15 20 6.102809031786845e-09 4.958355464780135e-14
124.976 124.978 20 25 4.38675948122519e-09 4.522221580595187e-14
124.976 124.978 25 30 3.119310641527118e-09 1.562221783634363e-14
124.976 124.978 30 35 2.200815921335096e-09 8.762937251912595e-15
124.976 124.978 35 40 1.534726552650024e-09 5.396704580542198e-15
124.978 124.98 0 5 6.789804004860641e-09 2.52145579015071e-13
124.978 124.98 5 10 1.163910435515854e-08 3.876016350030231e-14
124.978 124.98 10 15 9.848623825575019e-09 1.760241450859529e-13
124.978 124.98 15 20 7.312165350403091e-09 5.202656473748697e-14
124.978 124.98 20 25 5.25608315679007e-09 5.945323528776277e-14
124.978 124.98 25 30 3.737483132147628e-09 1.494954802087122e-14
124.978 124.98 30 35 2.636979417200961e-09 7.841877172432326e-15
124.978 124.98 35 40 1.838894686477141e-09 4.613394026341391e-15
124.98 124.982 0 5 8.281297546620365e-09 3.207350595833927e-13
124.98 124.982 5 10 1.419591425185347e-08 7.014347697614007e-14
124.98 124.982 10 15 1.20121874898776e-08 1.952175534105402e-13
124.98 124.982 15 20 8.918563526342018e-09 4.904489118521802e-14
124.98 124.982 20 25 6.410816020986218e-09 8.28138673727012e-14
124.98 124.982 25 30 4.558611047625552e-09 1.087583600141093e-14
124.98 124.982 30 35 3.216343640182804e-09 4.375255845049365e-15
124.98 124.982 35 40 2.242928303425496e-09 2.008892979698431e-15
124.982 124.984 0 5 1.032156517934212e-08 4.274648490547852e-13
124.982 124.984 5 10 1.769347740610906e-08 1.353285820400061e-13
124.982 124.984 10 15 1.497182286267053e-08 2.025708327265811e-13
124.982 124.984 15 20 1.111603334294741e-08 3.09597791384181e-14
124.982 124.984 20 25 7.990434972837487e-09 1.248041480378803e-13
124.982 124.984 25 30 5.681877414372657e-09 1.851322835269947e-15
124.982 124.984 30 35 4.0088902809661e-09 5.413652773241508e-15
124.982 124.984 35 40 2.795631645822694e-09 5.072801987929177e-15
124.984 124.986 0 5 1.32151596748485e-08 6.106633727380658e-13
124.984 124.986 5 10 2.265388624074144e-08 2.826052046244722e-13
124.984 124.986 10 15 1.916933084143673e-08 1.66465981448019e-13
124.984 124.986 15 20 1.423260722073805e-08 2.918421320776054e-14
124.984 124.986 20 25 1.023074403011482e-08 2.090859349240929e-13
124.984 124.986 25 30 7.27496440444545e-09 3.752419101401997e-14
124.984 124.986 30 35 5.132932922068853e-09 3.172817309769024e-14
124.984 124.986 35 40 3.579515077744758e-09 2.3784574840304e-14
124.986 124.988 0 5 1.750942703062193e-08 9.704318739738524e-13
124.986 124.988 5 10 3.001545344051715e-08 6.524044177693364e-13
124.986 124.988 10 15 2.539872438566912e-08 1.538308178902837e-14
124.986 124.988 15 20 1.885783208219791e-08 2.135585766034009e-13
124.986 124.988 20 25 1.355553577672033e-08 4.023953034645843e-13
124.986 124.988 25 30 9.639234845543587e-09 1.390637779343576e-13
124.986 124.988 30 35 6.801108176705838e-09 1.050649144142599e-13
124.986 124.988 35 40 4.74286888803835e-09 7.546041352403263e-14
124.988 124.99 0 5 2.426668089490899e-08 1.816890688429648e-12
124.988 124.99 5 10 4.15993019594998e-08 1.716229176778923e-12
124.988 124.99 10 15 3.52010655127683e-08 7.100406660465147e-13
124.988 124.99 15 20 2.613593315050572e-08 8.067065695584872e-13
124.988 124.99 20 25 1.878733127965738e-08 9.240603744306709e-13
124.988 124.99 25 30 1.335959198600874e-08 4.536853168367577e-13
124.988 124.99 30 35 9.426114709179785e-09 3.297038245829328e-13
124.988 124.99 35 40 6.573504822689376e-09 2.329496672324957e-13
124.99 124.992 0 5 3.576262368883462e-08 9.09105154860819e-13
124.99 124.992 5 10 6.13082327573423e-08 5.383046524732567e-12
124.99 124.992 10 15 5.1878970908407e-08 3.465102589973096e-12
124.99 124.992 15 20 3.851907826119517e-08 2.983156318297198e-12
124.99 124.992 20 25 2.768886230112168e-08 2.649753641795108e-12
124.99 124.992 25 30 1.968953474264314e-08 1.585503969931759e-12
124.99 124.992 30 35 1.38924033310428e-08 1.13275584837499e-12
124.99 124.992 35 40 9.688230818545831e-09 7.943752373211195e-13
124.992 124.994 0 5 5.755928898306718e-08 1.436822765480937e-12
124.992 124.994 5 10 9.867510586349409e-08 3.881963474562894e-14
124.992 124.994 10 15 8.350065669646289e-08 1.360752182723994e-12
124.992 124.994 15 20 6.199736509711996e-08 5.100559807354935e-13
124.992 124.994 20 25 4.456547743160408e-08 2.492851492245134e-13
124.992 124.994 25 30 3.169101602154947e-08 1.866528753136653e-13
124.992 124.994 30 35 2.236043044282294e-08 1.144798732846298e-13
124.992 124.994 35 40 1.559372707592915e-08 7.438923757014921e-14
124.994 124.996 0 5 1.057852013457811e-07 2.422217570587955e-12
124.994 124.996 5 10 1.813509684605707e-07 3.859203118258508e-13
124.994 124.996 10 15 1.534634637284881e-07 2.735294361228965e-12
124.994 124.996 15 20 1.139437871908706e-07 1.123429077970174e-12
124.994 124.996 20 25 8.190644763967884e-08 3.097109746364368e-13
124.994 124.996 25 30 5.824490736102925e-08 4.398946839281856e-13
124.994 124.996 30 35 4.109645460567572e-08 2.791446034592711e-13
124.994 124.996 35 40 2.866005063475425e-08 1.847879414431002e-13
124.996 124.998 0 5 2.360319851326341e-07 1.997755119646528e-12
124.996 124.998 5 10 4.04639939298542e-07 6.429266679457348e-12
124.996 124.998 10 15 3.424181535704897e-07 1.0670607488807e-11
124.996 124.998 15 20 2.542404812465873e-07 5.952239018660234e-12
124.996 124.998 20 25 1.827570641972567e-07 1.852650593613724e-12
124.996 124.998 25 30 1.299619967158165e-07 2.750792945284331e-12
124.996 124.998 30 35 9.16991204699858e-08 1.873055727639121e-12
124.996 124.998 35 40 6.395000631149017e-08 1.284760670644878e-12
124.998 125 0 5 5.547616775241959e-07 1.439602936474945e-11
124.998 125 5 10 9.510583773435716e-07 4.740660838841967e-11
124.998 125 10 15 8.04818720660942e-07 5.217906914104315e-11
124.998 125 15 20 5.97569312057052e-07 3.419734092616754e-11
124.998 125 20 25 4.295560472654323e-07 1.898683677463434e-11
124.998 125 25 30 3.054670229460712e-07 1.680771125614076e-11
124.998 125 30 35 2.155338700294178e-07 1.170271683621902e-11
124.998 125 35 40 1.503120419569024e-07 8.111769466316833e-12
125 125.002 0 5 5.548162597104417e-07 1.441232391056226e-11
125 125.002 5 10 9.511577384879863e-07 4.743825078509558e-11
125 125.002 10 15 8.049078812619703e-07 5.220868113727582e-11
125 125.002 15 20 5.976387559266932e-07 3.422009426305696e-11
125 125.002 20 25 4.296081272137305e-07 1.900345438156609e-11
125 125.002 25 30 3.055056097964567e-07 1.682037968720536e-11
125 125.002 30 35 2.155622903513739e-07 1.17120644135746e-11
125 125.002 35 40 1.503328412631862e-07 8.11863091149851e-12
125.002 125.004 0 5 2.36097969677087e-07 1.994460886488972e-12
125.002 125.004 5 10 4.047604483239201e-07 6.437622681081352e-12
125.002 125.004 10 15 3.425266141452639e-07 1.067952371378715e-11
125.002 125.004 15 20 2.543251519282388e-07 5.958644233050037e-12
125.002 125.004 20 25 1.828206873707144e-07 1.856775772101176e-12
125.002 125.004 25 30 1.300092212103743e-07 2.754272320785916e-12
125.002 125.004 30 35 9.173396553607748e-08 1.875600240817755e-12
125.002 125.004 35 40 6.397555693781233e-08 1.286617657635789e-12
125.004 125.006 0 5 1.058330014739021e-07 2.422780352354182e-12
125.004 125.006 5 10 1.814384338836268e-07 3.866897788426911e-13
125.004 125.006 10 15 1.5354232194071e-07 2.737064831745247e-12
125.004 125.006 15 20 1.140054312076053e-07 1.124379071226474e-12
125.004 125.006 20 25 8.195282054876043e-08 3.09532244583282e-13
125.004 125.006 25 30 5.827936374992275e-08 4.403504929241219e-13
125.004 125.006 30 35 4.112190511997248e-08 2.79462545812527e-13
125.004 125.006 35 40 2.867873337642055e-08 1.850138373215479e-13
125.006 125.008 0 5 5.759526353393771e-08 1.437524868212328e-12
125.006 125.008 5 10 9.874098352295442e-08 3.892517375383762e-14
125.006 125.008 10 15 8.356009334765338e-08 1.361681356572194e-12
125.006 125.008 15 20 6.204385223457904e-08 5.104462721035366e-13
125.006 125.008 20 25 4.460046417011909e-08 2.494068970750531e-13
125.006 125.008 25 30 3.171702304646947e-08 1.868127875438976e-13
125.006 125.008 30 35 2.237964802652844e-08 1.145834941966556e-13
125.006 125.008 35 40 1.560784062473766e-08 7.445944938184421e-14
125.008 125.01 0 5 3.579120339498052e-08 9.097047092852841e-13
125.008 125.01 5 10 6.136058749446814e-08 5.397042255379956e-12
125.008 125.01 10 15 5.192622154103214e-08 3.476852917989524e-12
125.008 125.01 15 20 3.855604386901184e-08 2.992704694507477e-12
125.008 125.01 20 25 2.771668921185723e-08 2.657380749770136e-12
125.008 125.01 25 30 1.971022338694095e-08 1.590909858840711e-12
125.008 125.01 30 35 1.390769392148499e-08 1.136766694135192e-12
125.008 125.01 35 40 9.699462666254646e-09 7.973277126029675e-13
125.01 125.012 0 5 2.429031463957529e-08 1.820514105669091e-12
125.01 125.012 5 10 4.164260362138428e-08 1.721644609777192e-12
125.01 125.012 10 15 3.524015245076416e-08 7.141947957495273e-13
125.01 125.012 15 20 2.616651612543229e-08 8.102532930500632e-13
125.01 125.012 20 25 1.881035606062712e-08 9.270966068118853e-13
125.01 125.012 25 30 1.337671212407807e-08 4.557222841428121e-13
125.01 125.012 30 35 9.438769182470372e-09 3.312223350607595e-13
125.01 125.012 35 40 6.582801302782605e-09 2.340704106999749e-13
125.012 125.014 0 5 1.752954668986568e-08 9.72325094605644e-13
125.012 125.014 5 10 3.00523207671375e-08 6.548276295102635e-13
125.012 125.014 10 15 2.54320066836221e-08 1.694277994205571e-14
125.012 125.014 15 20 1.888387535484342e-08 2.150325046700279e-13
125.012 125.014 20 25 1.35751440819961e-08 4.03818061521442e-13
125.012 125.014 25 30 9.653815540311372e-09 1.399330573135795e-13
125.012 125.014 30 35 6.811886255504517e-09 1.057184585822981e-13
125.012 125.014 35 40 4.750787405397066e-09 7.594501827851356e-14
125.014 125.016 0 5 1.323266304998878e-08 6.118205720246572e-13
125.014 125.016 5 10 2.268596178736817e-08 2.838134239314811e-13
125.014 125.016 10 15 1.919828921300133e-08 1.659229755453001e-13
125.014 125.016 15 20 1.425526817378214e-08 2.983028332829861e-14
125.014 125.016 20 25 1.024780646386512e-08 2.098455057754233e-13
125.014 125.016 25 30 7.287652485983426e-09 3.792439588196979e-14
125.014 125.016 30 35 5.142312339619608e-09 3.203359527000988e-14
125.014 125.016 35 40 3.586406300026768e-09 2.401284572923908e-14
125.016 125.018 0 5 1.033704847225796e-08 4.28263307165563e-13
125.016 125.018 5 10 1.772185245957482e-08 1.359832887649004e-13
125.016 125.018 10 15 1.499744149495981e-08 2.024652331058858e-13
125.016 125.018 15 20 1.113608151029336e-08 3.068113798894924e-14
125.016 125.018 20 25 8.005530554170002e-09 1.252560353804587e-13
125.016 125.018 25 30 5.693103185445585e-09 2.041440365453284e-15
125.016 125.018 30 35 4.01718893024626e-09 5.562695707949807e-15
125.016 125.018 35 40 2.801728978074522e-09 5.185740218947787e-15
125.018 125.02 0 5 8.295175580531557e-09 3.213377586259463e-13
125.018 125.02 5 10 1.422134834137857e-08 7.052236656602906e-14
125.018 125.02 10 15 1.203515156661998e-08 1.953112246053834e-13
125.018 125.02 15 20 8.936534769020213e-09 4.894226567752596e-14
125.018 125.02 20 25 6.424348021178158e-09 8.310842780992763e-14
125.018 125.02 25 30 4.568674253352829e-09 1.078777137720269e-14
125.018 125.02 30 35 3.223783000117545e-09 4.302524110749878e-15
125.018 125.02 35 40 2.248394390353375e-09 1.952373758757496e-15
125.02 125.022 0 5 6.802376505145793e-09 2.526308014848724e-13
125.02 125.022 5 10 1.166214638858846e-08 3.899142433323672e-14
125.02 125.022 10 15 9.869428623626641e-09 1.762105052052792e-13
125.02 125.022 15 20 7.328447068040214e-09 5.201286883511533e-14
125.02 125.022 20 25 5.268343157275246e-09 5.966059565589513e-14
125.02 125.022 25 30 3.746600525847818e-09 1.491412856559509e-14
125.02 125.022 30 35 2.64371966362946e-09 7.808767465161155e-15
125.02 125.022 35 40 1.843847169161483e-09 4.586272975390182e-15
125.022 125.024 0 5 5.678432324919476e-09 2.052283092730115e-13
125.022 125.024 5 10 9.735290392806453e-09 2.272634392138144e-14
125.022 125.024 10 15 8.238822878486528e-09 1.554737046909256e-13
125.022 125.024 15 20 6.117690047385591e-09 4.961626987677429e-14
125.022 125.024 20 25 4.397964888559688e-09 4.537780534581293e-14
125.022 125.024 25 30 3.127643850794561e-09 1.561515699451074e-14
125.022 125.024 30 35 2.206976503565613e-09 8.751386329371747e-15
125.022 125.024 35 40 1.539253168515775e-09 5.385659091825399e-15
125.024 125.026 0 5 4.811307269690283e-09 1.707772968012318e-13
125.024 125.026 5 10 8.248712849894121e-09 1.384509807668389e-14
125.024 125.026 10 15 6.980799684872936e-09 1.363541005928278e-13
125.024 125.026 15 20 5.183580378913415e-09 4.54561189771904e-14
125.024 125.026 20 25 3.726458701915496e-09 3.60120914547743e-14
125.024 125.026 25 30 2.650110911090978e-09 1.497526837483795e-14
125.024 125.026 30 35 1.870022666049515e-09 8.645636002159153e-15
125.024 125.026 35 40 1.30425360038734e-09 5.421456987608447e-15
125.026 125.028 0 5 4.128426531192332e-09 1.44746832979199e-13
125.026 125.028 5 10 7.077995609955973e-09 8.757572668416424e-15
125.026 125.028 10 15 5.990071621617625e-09 1.196726082135613e-13
125.026 125.028 15 20 4.44794116305138e-09 4.097767347693145e-14
125.026 125.028 20 25 3.197626212929593e-09 2.949573500578124e-14
125.026 125.028 25 30 2.274037570172021e-09 1.385722946536138e-14
125.026 125.028 30 35 1.604659383547142e-09 8.129117794326475e-15
125.026 125.028 35 40 1.119182370861488e-09 5.147512686703723e-15
125.028 125.03 0 5 3.581121165163083e-09 1.244843449273609e-13
125.028 125.03 5 10 6.13970325927853e-09 5.721471340735272e-15
125.028 125.03 10 15 5.196032321824543e-09 1.054147836486971e-13
125.028 125.03 15 20 3.858346434129463e-09 3.673134490679932e-14
125.028 125.03 20 25 2.773780348684302e-09 2.474227554965693e-14
125.028 125.03 25 30 1.972623533300195e-09 1.262559683055288e-14
125.028 125.03 30 35 1.391976292134395e-09 7.478436455995266e-15
125.028 125.03 35 40 9.708511865007844e-10 4.762870883041833e-15
125.03 125.032 0 5 3.135775587616382e-09 1.083379394550034e-13
125.03 125.032 5 10 5.376206965924789e-09 3.844406088937303e-15
125.03 125.032 10 15 4.549913897225915e-09 9.330637085653242e-14
125.03 125.032 15 20 3.378585473993564e-09 3.29014559794738e-14
125.03 125.032 20 25 2.428890538913405e-09 2.114160317598921e-14
125.03 125.032 25 30 1.727357735605627e-09 1.14321005993615e-14
125.03 125.032 30 35 1.218911913309439e-09 6.81402275420499e-15
125.03 125.032 35 40 8.501508148746927e-10 4.355777698939865e-15
125.032 125.034 0 5 2.768572547457147e-09 9.522606125924033e-14
125.032 125.034 5 10 4.746675594940794e-09 2.647563330246593e-15
125.032 125.034 10 15 4.017163306740239e-09 8.302256676261119e-14
125.032 125.034 15 20 2.983002216006172e-09 2.952193634294029e-14
125.032 125.034 20 25 2.144513544821526e-09 1.833065707254404e-14
125.032 125.034 25 30 1.525124658495805e-09 1.033485432318151e-14
125.032 125.034 30 35 1.0762118736096e-09 6.186368240637003e-15
125.032 125.034 35 40 7.506271336720669e-10 3.964446526196109e-15
125.034 125.036 0 5 2.462258330005442e-09 8.441110924368344e-14
125.034 125.036 5 10 4.221530173434662e-09 1.863451488461153e-15
125.034 125.036 10 15 3.572749527024917e-09 7.426054414911731e-14
125.034 125.036 15 20 2.653010785219755e-09 2.656734641521535e-14
125.034 125.036 20 25 1.90728862089418e-09 1.608222134853371e-14
125.034 125.036 25 30 1.356423078628684e-09 9.350403060796048e-15
125.034 125.036 30 35 9.571720542988603e-10 5.61401875109548e-15
125.034 125.036 35 40 6.676045941472394e-10 3.603995391246482e-15
125.036 125.038 0 5 2.204087682570672e-09 7.537291514631272e-14
125.036 125.038 5 10 3.778920794587907e-09 1.337230805042554e-15
125.036 125.038 10 15 3.198182179812716e-09 6.676019920910237e-14
125.036 125.038 15 20 2.374881805411556e-09 2.399194613673302e-14
125.036 125.038 20 25 1.70734617851574e-09 1.424771865137321e-14
125.036 125.038 25 30 1.214234429127731e-09 8.477200247916672e-15
125.036 125.038 30 35 8.568401065715266e-10 5.100961397462552e-15
125.036 125.038 35 40 5.976293513275888e-10 3.278810962229724e-15
125.038 125.04 0 5 1.984481545234544e-09 6.773431347351224e-14
125.038 125.04 5 10 3.40242550971716e-09 9.764145205172983e-16
125.038 125.04 10 15 2.87956424814163e-09 6.030568720853365e-14
125.038 125.04 15 20 2.138296523969336e-09 2.174629384322389e-14
125.038 125.04 20 25 1.537268402536218e-09 1.272625608691551e-14
125.038 125.04 25 30 1.093283667594138e-09 7.706387704970862e-15
125.038 125.04 30 35 7.714939191741035e-10 4.644765751044971e-15
125.038 125.04 35 40 5.381055427219467e-10 2.988411619851619e-15
125.04 125.042 0 5 1.796128598918661e-09 6.121536883056284e-14
125.04 125.042 5 10 3.07951007320766e-09 7.241928369757896e-16
125.04 125.042 10 15 2.606288653397069e-09 5.472050721241746e-14
125.04 125.042 15 20 1.935379008100594e-09 1.978395615880233e-14
125.04 125.042 20 25 1.391393534119231e-09 1.14470311235981e-14
125.04 125.042 25 30 9.895445335259624e-10 7.026768341508259e-15
125.04 125.042 30 35 6.982925271503011e-10 4.240442159126143e-15
125.04 125.042 35 40 4.870518286915144e-10 2.730238446972829e-15
125.042 125.044 0 5 1.633370607223127e-09 5.560414908329795e-14
125.042 125.044 5 10 2.80047420633192e-09 5.447870467436497e-16
125.042 125.044 10 15 2.370146542362609e-09 4.986108004808352e-14
125.042 125.044 15 20 1.760034038958395e-09 1.806383203661849e-14
125.042 125.044 20 25 1.265339907701874e-09 1.035893576827736e-14
125.042 125.044 25 30 8.999010783180194e-10 6.427031614914793e-15
125.042 125.044 30 35 6.350372865683754e-10 3.882268063081913e-15
125.042 125.044 35 40 4.429348332096568e-10 2.501018578388722e-15
125.044 125.046 0 5 1.49177359573861e-09 5.073743949364298e-14
125.044 125.046 5 10 2.55771644987023e-09 4.151411144150956e-16
125.044 125.046 10 15 2.164705175967167e-09 4.561063329806043e-14
125.044 125.046 15 20 1.607485187310814e-09 1.655056905507908e-14
125.044 125.046 20 25 1.155673890660342e-09 9.424165460484415e-15
125.044 125.046 25 30 8.219115281067957e-10 5.896711678014637e-15
125.044 125.046 30 35 5.800052553969188e-10 3.56462906011777e-15
125.044 125.046 35 40 4.045529418065394e-10 2.297392798528241e-15
125.046 125.048 0 5 1.367823353714663e-09 4.648766726908438e-14
125.046 125.048 5 10 2.345212147840996e-09 3.200941858644023e-16
125.046 125.048 10 15 1.984866177661438e-09 4.187395752051768e-14
125.046 125.048 15 20 1.473946807884084e-09 1.521417984882075e-14
125.046 125.048 20 25 1.059674091953216e-09 8.614157933048072e-15
125.046 125.048 25 30 7.536406059578486e-10 5.426508789816581e-15
125.046 125.048 30 35 5.318308794028427e-10 3.282364154187663e-15
125.046 125.048 35 40 3.709537878921706e-10 2.116205584218992e-15
125.048 125.05 0 5 1.258705727560815e-09 4.275380895535515e-14
125.048 125.05 5 10 2.15813679359747e-09 2.494879670087164e-16
125.048 125.05 10 15 1.82654679307615e-09 3.857311140944525e-14
125.048 125.05 15 20 1.35638737076426e-09 1.402939814860313e-14
125.048 125.05 20 25 9.751612295061801e-10 7.90693253540329e-15
125.048 125.05 25 30 6.935385457215804e-10 5.008336230716841e-15
125.048 125.05 30 35 4.894206237848346e-10 3.030889053054567e-15
125.048 125.05 35 40 3.413747157654382e-10 1.954619463079011e-15
124.952 125.05 0 40 1.601542344499864e-05 1.22487873432571e-10
