#q2lo q2hi qTlo qThi PDF0  uncertainty
124.952 124.956 0 5 0 0
124.952 124.956 5 10 7.384602293502879e-09 1.744478898607916e-14
124.952 124.956 10 15 6.267100663847902e-09 1.17255020766441e-13
124.952 124.956 15 20 4.657997648506814e-09 3.739384022951093e-14
124.952 124.956 20 25 3.349507950070464e-09 3.451876039408483e-14
124.952 124.956 25 30 2.381988181287142e-09 1.176287869509898e-14
124.952 124.956 30 35 1.680520894199768e-09 6.586726189112523e-15
124.952 124.956 35 40 1.171731359094493e-09 4.052815348556156e-15
124.952 124.956 40 45 8.005377366745275e-10 2.728952319156074e-15
124.952 124.956 45 50 5.279303152280633e-10 2.001139036716232e-15
124.952 124.956 50 55 3.265959648980219e-10 1.582611157583178e-15
124.952 124.956 55 60 1.773308173642067e-10 1.330134332740817e-15
124.952 124.956 60 65 6.649835517970612e-11 1.150795359431448e-15
124.952 124.956 65 70 -1.569837336515373e-11 9.997249917681176e-16
124.952 124.956 70 75 -7.638116482704258e-11 9.095545671904963e-16
124.952 124.956 75 80 -1.207863689596414e-10 8.482980116922387e-16
124.952 124.956 80 85 -1.528039004168381e-10 8.03011922753422e-16
124.952 124.956 85 90 -1.753528520913175e-10 7.666337503356395e-16
124.952 124.956 90 95 -1.906412095294802e-10 7.346796447273945e-16
124.952 124.956 95 100 -2.003532681995127e-10 7.055464118473762e-16
124.956 124.96 0 5 5.136858172706908e-09 2.512705207940983e-13
124.956 124.96 5 10 8.859562820649268e-09 3.010196643132365e-14
124.956 124.96 10 15 7.518950387971659e-09 1.328305541800646e-13
124.956 124.96 15 20 5.588490846162384e-09 3.90565671093461e-14
124.956 124.96 20 25 4.018654553264296e-09 4.556020375886882e-14
124.956 124.96 25 30 2.857878089804e-09 1.114752942103258e-14
124.956 124.96 30 35 2.016289293811738e-09 5.811723324132219e-15
124.956 124.96 35 40 1.405861904713045e-09 3.405150167784691e-15
124.956 124.96 40 45 9.605139403844309e-10 2.278735340542365e-15
124.956 124.96 45 50 6.33444682033596e-10 1.744594036627752e-15
124.956 124.96 50 55 3.918857511851742e-10 1.492803576401638e-15
124.956 124.96 55 60 2.127975365200964e-10 1.375435005985357e-15
124.956 124.96 60 65 7.981969503559149e-11 1.298027495754638e-15
124.956 124.96 65 70 -1.880167685240374e-11 1.218930232513581e-15
124.956 124.96 70 75 -9.161100254697958e-11 1.186147448433483e-15
124.956 124.96 75 80 -1.448906558220884e-10 1.167818791406526e-15
124.956 124.96 80 85 -1.833076286766694e-10 1.153248188705597e-15
124.956 124.96 85 90 -2.103641675872766e-10 1.13758939253063e-15
124.956 124.96 90 95 -2.287093633009026e-10 1.11824143043238e-15
124.956 124.96 95 100 -2.403640036359473e-10 1.095329546034188e-15
124.96 124.964 0 5 6.276050992390368e-09 3.173209832297951e-13
124.96 124.964 5 10 1.082446538671156e-08 5.484580402223188e-14
124.96 124.964 10 15 9.186643906907056e-09 1.468602001656277e-13
124.96 124.964 15 20 6.828085274654508e-09 3.628934872942399e-14
124.96 124.964 20 25 4.910089967441142e-09 6.383743183481769e-14
124.96 124.964 25 30 3.491860683164947e-09 7.782117715046405e-15
124.96 124.964 30 35 2.463603904878445e-09 2.983847948710276e-15
124.96 124.964 35 40 1.717775419772898e-09 1.290762489461448e-15
124.96 124.964 40 45 1.17363930691875e-09 8.23983784685432e-16
124.96 124.964 45 50 7.740159258946439e-10 8.390606171132564e-16
124.96 124.964 50 55 4.788695656040493e-10 1.024421143263184e-15
124.96 124.964 55 60 2.600507257313651e-10 1.246443331438519e-15
124.96 124.964 60 65 9.75704346820362e-11 1.423163124864287e-15
124.96 124.964 65 70 -2.293223182951511e-11 1.527719148584723e-15
124.96 124.964 70 75 -1.118969029483466e-10 1.636166795775696e-15
124.96 124.964 75 80 -1.769994557179422e-10 1.722415846181752e-15
124.96 124.964 80 85 -2.23942099419661e-10 1.782939787973999e-15
124.96 124.964 85 90 -2.57003955460588e-10 1.818959735429403e-15
124.96 124.964 90 95 -2.794217545165059e-10 1.832694963053041e-15
124.96 124.964 95 100 -2.936645600418293e-10 1.82844484862986e-15
124.964 124.968 0 5 7.840528567837495e-09 4.183614339540074e-13
124.964 124.968 5 10 1.352292423916901e-08 1.067924485698839e-13
124.964 124.968 10 15 1.147695140871559e-08 1.508247431245396e-13
124.964 124.968 15 20 8.530477153708535e-09 2.11377553456058e-14
124.964 124.968 20 25 6.134345277763498e-09 9.707355366883414e-14
124.964 124.968 25 30 4.362546928726303e-09 2.640548032978227e-15
124.964 124.968 30 35 3.077931267401027e-09 4.991291293971617e-15
124.964 124.968 35 40 2.146150127661341e-09 4.46533014384688e-15
124.964 124.968 40 45 1.466343142589502e-09 3.122392670423136e-15
124.964 124.968 45 50 9.670770780475863e-10 1.689423393365074e-15
124.964 124.968 50 55 5.983357979534073e-10 4.136656306872614e-16
124.964 124.968 55 60 3.24952228927845e-10 6.377198782000194e-16
124.964 124.968 60 65 1.219540739481555e-10 1.433169668592488e-15
124.964 124.968 65 70 -2.859991530121458e-11 1.989963497833116e-15
124.964 124.968 70 75 -1.397521345586694e-10 2.440013532971825e-15
124.964 124.968 75 80 -2.210922224953971e-10 2.777932471883828e-15
124.964 124.968 80 85 -2.79744102535385e-10 3.019463688879284e-15
124.964 124.968 85 90 -3.210538183996772e-10 3.181299159789208e-15
124.964 124.968 90 95 -3.490651385379539e-10 3.277660870882148e-15
124.964 124.968 95 100 -3.668627690592773e-10 3.322647370099144e-15
124.968 124.972 0 5 1.007157129081376e-08 5.884050887793547e-13
124.968 124.972 5 10 1.737111893587731e-08 2.259247796751209e-13
124.968 124.972 10 15 1.474311410759399e-08 1.181308939050737e-13
124.968 124.972 15 20 1.095823812135591e-08 2.892660127082691e-14
124.968 124.972 20 25 7.880250113305186e-09 1.648797345461112e-13
124.968 124.972 25 30 5.604234968097434e-09 3.204863882827038e-14
124.968 124.972 30 35 3.954030096577856e-09 2.662385428434315e-14
124.968 124.972 35 40 2.757063900373666e-09 1.98263887879742e-14
124.968 124.972 40 45 1.883777462542364e-09 1.363645410622059e-14
124.968 124.972 45 50 1.24241103145926e-09 8.517407495508997e-15
124.968 124.972 50 55 7.687156990056688e-10 4.457815147184061e-15
124.968 124.972 55 60 4.175168162652293e-10 1.312731000323815e-15
124.968 124.972 60 65 1.567354768458379e-10 1.041444156439303e-15
124.968 124.972 65 70 -3.667540094440589e-11 2.744789425085144e-15
124.968 124.972 70 75 -1.794699786018118e-10 4.052293441637003e-15
124.968 124.972 75 80 -2.839670870834918e-10 5.020023129394383e-15
124.968 124.972 80 85 -3.593181435340139e-10 5.715046543356078e-15
124.968 124.972 85 90 -4.123907232162354e-10 6.193871161238361e-15
124.968 124.972 90 95 -4.483795086896778e-10 6.501331948508572e-15
124.968 124.972 95 100 -4.712471739527393e-10 6.675775962372654e-15
124.972 124.976 0 5 1.340932869530626e-08 9.163654466203232e-13
124.972 124.976 5 10 2.312825688036725e-08 5.316690525088543e-13
124.972 124.976 10 15 1.962952753543698e-08 3.92471510974302e-14
124.972 124.976 15 20 1.459036225419778e-08 1.843462783324801e-13
124.972 124.976 20 25 1.049227616545582e-08 3.241053229344549e-13
124.972 124.976 25 30 7.461918308215764e-09 1.17205195433056e-13
124.972 124.976 30 35 5.264764554336742e-09 8.802254828829888e-14
124.972 124.976 35 40 3.67106009941763e-09 6.30503264574147e-14
124.972 124.976 40 45 2.508311730391283e-09 4.319564459103565e-14
124.972 124.976 45 50 1.654350148727265e-09 2.785252339075159e-14
124.972 124.976 50 55 1.023633374551738e-09 1.615023946628407e-14
124.972 124.976 55 60 5.560147808785104e-10 7.294560960478213e-15
124.972 124.976 60 65 2.08783484892982e-10 6.940499467163061e-16
124.972 124.976 65 70 -4.874629267027452e-11 4.144360745453909e-15
124.972 124.976 70 75 -2.388817973724541e-10 7.782750911465556e-15
124.972 124.976 75 80 -3.780249488845196e-10 1.045967321021678e-14
124.972 124.976 80 85 -4.783604626442467e-10 1.238607741966189e-14
124.972 124.976 85 90 -5.490322557145301e-10 1.372856551470676e-14
124.972 124.976 90 95 -5.969568806194168e-10 1.461583143166511e-14
124.972 124.976 95 100 -6.274105322624773e-10 1.515166537448428e-14
124.976 124.98 0 5 1.872746775770523e-08 1.683154019008907e-12
124.976 124.98 5 10 3.230131864295314e-08 1.441634907362276e-12
124.976 124.98 10 15 2.741528208852496e-08 6.494491754492255e-13
124.976 124.98 15 20 2.037762953896591e-08 6.989044916166464e-13
124.976 124.98 20 25 1.465418467115757e-08 7.694577310380604e-13
124.976 124.98 25 30 1.042189968776845e-08 3.893504295243229e-13
124.976 124.98 30 35 7.353264365950352e-09 2.821186324101509e-13
124.976 124.98 35 40 5.127414170028604e-09 1.990394688225817e-13
124.976 124.98 40 45 3.503447895510456e-09 1.361491476486687e-13
124.976 124.98 45 50 2.310743874929517e-09 8.890104484099766e-14
124.976 124.98 50 55 1.429833145833239e-09 5.34897980081304e-14
124.976 124.98 55 60 7.767136332000795e-10 2.698622966411596e-14
124.976 124.98 60 65 2.917340542326217e-10 7.272163154510158e-15
124.976 124.98 65 70 -6.795929645297966e-11 3.181118635116843e-15
124.976 124.98 70 75 -3.33531338387419e-10 1.809694520512353e-14
124.976 124.98 75 80 -5.278799249440216e-10 2.604031148787539e-14
124.976 124.98 80 85 -6.680264228345912e-10 3.176242373218177e-14
124.976 124.98 85 90 -7.667416747139159e-10 3.577239449721625e-14
124.976 124.98 90 95 -8.336858021495653e-10 3.845915680795951e-14
124.976 124.98 95 100 -8.762279238973707e-10 4.012703472138083e-14
124.98 124.984 0 5 2.7966621078406e-08 9.568883194013979e-13
124.98 124.984 5 10 4.823936456905104e-08 4.763173496639842e-12
124.98 124.984 10 15 4.094297916696664e-08 3.188592887981159e-12
124.98 124.984 15 20 3.043302255650121e-08 2.691489650709273e-12
124.98 124.984 20 25 2.188541946350629e-08 1.285061730830784e-13
124.98 124.984 25 30 1.556493354869321e-08 1.423888217300814e-12
124.98 124.984 30 35 1.098209606759389e-08 1.015619620854314e-12
124.98 124.984 35 40 7.657890200705816e-09 7.116078411645083e-13
124.98 124.984 40 45 5.232553129188688e-09 4.864223466866255e-13
124.98 124.984 45 50 3.451278571830101e-09 3.194660204975297e-13
124.98 124.984 50 55 2.135650147300194e-09 1.953924430576713e-13
124.98 124.984 55 60 1.160217300302653e-09 1.030342279774506e-13
124.98 124.984 60 65 4.35894973717023e-10 3.440471211155129e-14
124.98 124.984 65 70 -1.013162261621197e-10 4.723494725653677e-15
124.98 124.984 70 75 -4.979557949008325e-10 3.527241964986153e-15
124.98 124.984 75 80 -7.882288271121179e-10 2.675334929591458e-15
124.98 124.984 80 85 -9.975509263725061e-10 2.055724569843513e-15
124.98 124.984 85 90 -1.144995138521864e-09 1.597398635770382e-15
124.98 124.984 90 95 -1.244988627636961e-09 1.250895775170108e-15
124.98 124.984 95 100 -1.308538023474956e-09 1.307376848427164e-13
124.984 124.988 0 5 4.618987210024717e-08 1.549713298932778e-12
124.984 124.988 5 10 7.967347651042507e-08 4.130799571467412e-14
124.984 124.988 10 15 6.762452403802476e-08 1.101200511356744e-12
124.984 124.988 15 20 5.026562370378871e-08 4.167617717360093e-13
124.984 124.988 20 25 3.614779002532059e-08 1.961375850534698e-13
124.984 124.988 25 30 2.570874657287324e-08 1.536903417177638e-13
124.984 124.988 30 35 1.813942485197459e-08 9.459948066330148e-14
124.984 124.988 35 40 1.264890512800705e-08 6.159481994332526e-14
124.984 124.988 40 45 8.643003262720286e-09 4.175401911929615e-14
124.984 124.988 45 50 5.700873292219934e-09 2.915711402643075e-14
124.984 124.988 50 55 3.527835845531262e-09 2.08151791757757e-14
124.984 124.988 55 60 1.916691023880695e-09 1.509784269750998e-14
124.984 124.988 60 65 7.203010792143555e-10 1.091872613518401e-14
124.984 124.988 65 70 -1.670470473083384e-10 7.673684911676148e-15
124.984 124.988 70 75 -8.222027586377371e-10 5.450788810165023e-15
124.984 124.988 75 80 -1.301672576474947e-09 3.862682826758192e-15
124.984 124.988 80 85 -1.647434712371549e-09 2.708754320462669e-15
124.984 124.988 85 90 -1.890991732831283e-09 1.860076198237555e-15
124.984 124.988 90 95 -2.056172794204345e-09 1.226177975893122e-15
124.984 124.988 95 100 -2.161155846748726e-09 7.52328486366455e-16
124.988 124.992 0 5 9.024658500493123e-08 2.696054926313825e-12
124.988 124.992 5 10 1.556693665749092e-07 5.58175904006339e-13
124.988 124.992 10 15 1.321293262228991e-07 2.519596096901114e-12
124.988 124.992 15 20 9.821339986297618e-08 1.101847703675168e-12
124.988 124.992 20 25 7.062943034524313e-08 1.591435907269557e-13
124.988 124.992 25 30 5.023302929586333e-08 4.494207498200292e-13
124.988 124.992 30 35 3.544351627663444e-08 2.905337869944437e-13
124.988 124.992 35 40 2.471564212568372e-08 1.942006614556708e-13
124.988 124.992 40 45 1.688849251717947e-08 1.320520519239874e-13
124.988 124.992 45 50 1.113981082365964e-08 9.019814266086213e-14
124.988 124.992 50 55 6.893842174458742e-09 6.113175137624109e-14
124.988 124.992 55 60 3.745749422206712e-09 4.047894530005109e-14
124.988 124.992 60 65 1.408046090037678e-09 2.527042048079384e-14
124.988 124.992 65 70 -3.258173311546387e-10 1.371169253257746e-14
124.988 124.992 70 75 -1.605995225212317e-09 5.509900291585595e-15
124.988 124.992 75 80 -2.542894965617209e-09 4.181570765534196e-16
124.988 124.992 80 85 -3.218537593244143e-09 4.70948102739248e-15
124.988 124.992 85 90 -3.694476088171565e-09 7.800884941812421e-15
124.988 124.992 90 95 -4.017270521268399e-09 1.000926752962996e-14
124.988 124.992 95 100 -4.222439152842848e-09 1.154880855919727e-14
124.992 124.994 0 5 4.326756732097266e-08 1.459972245088314e-12
124.992 124.994 5 10 7.463427546596602e-08 2.936166616684151e-14
124.992 124.994 10 15 6.334879652514698e-08 1.025625221871137e-12
124.992 124.994 15 20 4.708835384912463e-08 3.852525153118701e-13
124.992 124.994 20 25 3.386350213371569e-08 1.883678567611299e-13
124.992 124.994 25 30 2.408456246514997e-08 1.412278680874109e-13
124.992 124.994 30 35 1.69937732790196e-08 8.665663055934643e-14
124.992 124.994 35 40 1.185029543644881e-08 5.632512560258334e-14
124.992 124.994 40 45 8.09754927819637e-09 3.817437375165938e-14
124.992 124.994 45 50 5.341314966424701e-09 2.669743988699688e-14
124.992 124.994 50 55 3.305552817622861e-09 1.912359574251601e-14
124.992 124.994 55 60 1.79616687660962e-09 1.394697468193272e-14
124.992 124.994 60 65 6.753234379366876e-10 1.016523877363905e-14
124.992 124.994 65 70 -1.560068327154767e-10 7.223848609800443e-15
124.992 124.994 70 75 -7.698151161870442e-10 5.214520198298456e-15
124.992 124.994 75 80 -1.219036146692972e-09 3.780259293913337e-15
124.992 124.994 80 85 -1.542994979824599e-09 2.737834264971759e-15
124.992 124.994 85 90 -1.77120333493411e-09 1.969847366448937e-15
124.992 124.994 90 95 -1.925984616670187e-09 1.394178484447686e-15
124.992 124.994 95 100 -2.024368244782261e-09 9.617122557367629e-16
124.994 124.996 0 5 7.951933262576859e-08 2.509911163766232e-12
124.994 124.996 5 10 1.371674787599306e-07 2.918957943014966e-13
124.994 124.996 10 15 1.164270879029823e-07 2.06296600296204e-12
124.994 124.996 15 20 8.654291031186255e-08 8.493766736550676e-13
124.994 124.996 20 25 6.223747653037152e-08 2.334258662338402e-13
124.994 124.996 25 30 4.426506866288756e-08 3.33178459449561e-13
124.994 124.996 30 35 3.123306539344442e-08 2.115181627153211e-13
124.994 124.996 35 40 2.177994630816279e-08 1.400537424024682e-13
124.994 124.996 40 45 1.488280696433803e-08 9.513124162792785e-14
124.994 124.996 45 50 9.817130085684671e-09 6.550086950185424e-14
124.994 124.996 50 55 6.075593760665891e-09 4.525398095098967e-14
124.994 124.996 55 60 3.301475865043906e-09 3.103857717999717e-14
124.994 124.996 60 65 1.241455954792403e-09 2.059550521506515e-14
124.994 124.996 65 70 -2.864694835379272e-10 1.260245277609888e-14
124.994 124.996 70 75 -1.414611523359087e-09 6.995479489962299e-15
124.994 124.996 75 80 -2.240258021865309e-09 2.957880628391146e-15
124.994 124.996 80 85 -2.835683989604179e-09 3.143735528133152e-17
124.994 124.996 85 90 -3.255128746125493e-09 2.091008718223765e-15
124.994 124.996 90 95 -3.539620358471595e-09 3.629852215745412e-15
124.994 124.996 95 100 -3.720457172212614e-09 4.728659281859235e-15
124.996 124.998 0 5 1.774267679972767e-07 2.998003710132805e-12
124.996 124.998 5 10 3.060557784340642e-07 4.862869078470016e-12
124.996 124.998 10 15 2.597804013018329e-07 8.068909511306097e-12
124.996 124.998 15 20 1.931017101263399e-07 4.51240931409584e-12
124.996 124.998 20 25 1.38870065097327e-07 1.4119047817575e-12
124.996 124.998 25 30 9.876888401591432e-08 2.08809178385874e-12
124.996 124.998 30 35 6.969089148220813e-08 1.422143339464826e-12
124.996 124.998 35 40 4.859829675506412e-08 9.755298107339131e-13
124.996 124.998 40 45 3.320876419235553e-08 6.653513223502886e-13
124.996 124.998 45 50 2.190571943444226e-08 4.44842571200464e-13
124.996 124.998 50 55 1.355719912848852e-08 2.855323169440089e-13
124.996 124.998 55 60 7.367263441005357e-09 1.691441081208632e-13
124.996 124.998 60 65 2.770686956919182e-09 8.296240559943644e-14
124.996 124.998 65 70 -6.386296842313471e-10 1.850472996443337e-14
124.996 124.998 70 75 -3.15590913043102e-09 2.844690294393961e-14
124.996 124.998 75 80 -4.998228060341081e-09 6.26653967496115e-14
124.996 124.998 80 85 -6.32685276530525e-09 8.737361935050014e-14
124.996 124.998 85 90 -7.26280698357048e-09 1.049111128219841e-13
124.996 124.998 90 95 -7.897636487942023e-09 1.170209355881707e-13
124.996 124.998 95 100 -8.301177304651493e-09 1.249801235613974e-13
124.998 125 0 5 4.170184240346487e-07 7.370652872296527e-12
124.998 125 5 10 7.193488478116752e-07 3.585674383727708e-11
124.998 125 10 15 6.10587932032933e-07 3.952531189321765e-11
124.998 125 15 20 4.538687247653684e-07 2.595420995725445e-11
124.998 125 20 25 3.264035436221671e-07 1.443694187952374e-11
124.998 125 25 30 2.321499917858958e-07 1.276789994017695e-11
124.998 125 30 35 1.638049243848313e-07 8.890855922513324e-12
124.998 125 35 40 1.142285904034832e-07 6.162602367227864e-12
124.998 125 40 45 7.805668530508047e-08 4.208184264756386e-12
124.998 125 45 50 5.148965948195795e-08 2.789588525677304e-12
124.998 125 50 55 3.186696786487314e-08 1.750012905091566e-12
124.998 125 55 60 1.731784238181277e-08 9.832221629172459e-13
124.998 125 60 65 6.513779729277378e-09 4.143824350477442e-13
124.998 125 65 70 -1.499716640026527e-09 8.765842002719488e-15
124.998 125 70 75 -7.416540030450371e-09 3.197198170978023e-13
124.998 125 75 80 -1.174691013374198e-08 5.46964756142593e-13
124.998 125 80 85 -1.486987001926153e-08 7.10917636893525e-13
124.998 125 85 90 -1.706987655444968e-08 8.267176139745223e-13
124.998 125 90 95 -1.856210139528591e-08 9.057561040370963e-13
124.998 125 95 100 -1.951068936325687e-08 9.566003521412471e-13
125 125.002 0 5 4.170599862689388e-07 7.38270593085445e-12
125 125.002 5 10 7.194248144433176e-07 3.588078600785233e-11
125 125.002 10 15 6.106562721319111e-07 3.954787671096031e-11
125 125.002 15 20 4.539219958089266e-07 2.597156691674654e-11
125 125.002 20 25 3.264435019782056e-07 1.444962290925051e-11
125 125.002 25 30 2.321795948931585e-07 1.277756914237476e-11
125 125.002 30 35 1.638267226899027e-07 8.897989876458281e-12
125 125.002 35 40 1.142445378606803e-07 6.167838461454074e-12
125 125.002 40 45 7.80682338222307e-08 4.211992430681296e-12
125 125.002 45 50 5.149788280262961e-08 2.792315917014724e-12
125 125.002 50 55 3.187266359912886e-08 1.751917693546439e-12
125 125.002 55 60 1.732160762887867e-08 9.844974614864265e-13
125 125.002 60 65 6.516065367870858e-09 4.151739112818319e-13
125 125.002 65 70 -1.49856722998718e-09 8.347073918660054e-15
125 125.002 70 75 -7.416263248919123e-09 3.195880844237076e-13
125 125.002 75 80 -1.174730217435266e-08 5.470534364770358e-13
125 125.002 80 85 -1.48707723049019e-08 7.111753842035289e-13
125 125.002 85 90 -1.70711650456818e-08 8.271039550588321e-13
125 125.002 90 95 -1.856367862609287e-08 9.062393351357474e-13
125 125.002 95 100 -1.951247848522199e-08 9.571548310489882e-13
125.002 125.004 0 5 1.774770365267786e-07 2.995856840832894e-12
125.002 125.004 5 10 3.061480333255421e-07 4.869222516276852e-12
125.002 125.004 10 15 2.598636339856662e-07 8.07570936146946e-12
125.002 125.004 15 20 1.931667347971294e-07 4.51729916798769e-12
125.002 125.004 20 25 1.389189319286796e-07 1.415054234564467e-12
125.002 125.004 25 30 9.880515031447586e-08 2.090749260527593e-12
125.002 125.004 30 35 6.971764306135837e-08 1.424086571879821e-12
125.002 125.004 35 40 4.861790477543237e-08 9.76947920593248e-13
125.002 125.004 40 45 3.322299412512247e-08 6.663787540850132e-13
125.002 125.004 45 50 2.191587893860138e-08 4.455767080727189e-13
125.002 125.004 50 55 1.356426082250631e-08 2.860443988037522e-13
125.002 125.004 55 60 7.371956256321534e-09 1.694868776376331e-13
125.002 125.004 60 65 2.773561886069167e-09 8.317544224595467e-14
125.002 125.004 65 70 -6.371526124748094e-10 1.861773363236607e-14
125.002 125.004 70 75 -3.155507177633228e-09 2.841045527751948e-14
125.002 125.004 75 80 -4.998651468341519e-09 6.268780913634391e-14
125.002 125.004 80 85 -6.327907027679832e-09 8.744089163692208e-14
125.002 125.004 85 90 -7.26433981453088e-09 1.050124129274274e-13
125.002 125.004 90 95 -7.899528113100742e-09 1.171477578476613e-13
125.002 125.004 95 100 -8.303333189568718e-09 1.25125880102569e-13
125.004 125.006 0 5 7.955576917379476e-08 2.51060201492885e-12
125.004 125.006 5 10 1.37234482947329e-07 2.924810409696715e-13
125.004 125.006 10 15 1.164876414285777e-07 2.064317428068107e-12
125.004 125.006 15 20 8.659027871217365e-08 8.501026468138506e-13
125.004 125.006 20 25 6.227311354261636e-08 2.33289763934319e-13
125.004 125.006 25 30 4.429154332925447e-08 3.335269925697605e-13
125.004 125.006 30 35 3.125261403067198e-08 2.117612184357239e-13
125.004 125.006 35 40 2.179429033098629e-08 1.402264473315982e-13
125.004 125.006 40 45 1.489322958555681e-08 9.525471880376282e-14
125.004 125.006 45 50 9.824582623260681e-09 6.558901449823951e-14
125.004 125.006 50 55 6.080784322564393e-09 4.531618119337011e-14
125.004 125.006 55 60 3.304935492832318e-09 3.108140599559522e-14
125.004 125.006 60 65 1.243586297326434e-09 2.062356986795743e-14
125.004 125.006 65 70 -2.853620729291176e-10 1.261914144144969e-14
125.004 125.006 70 75 -1.414291525044962e-09 7.003642641364877e-15
125.004 125.006 75 80 -2.240543077868049e-09 2.959527693469659e-15
125.004 125.006 80 85 -2.836432008618888e-09 2.818755993718677e-17
125.004 125.006 85 90 -3.256228420213249e-09 2.09796461068926e-15
125.004 125.006 90 95 -3.540984094739454e-09 3.639614574037803e-15
125.004 125.006 95 100 -3.722015796431893e-09 4.740554348758033e-15
125.006 125.008 0 5 4.329502095329852e-08 1.460709123862467e-12
125.006 125.008 5 10 7.468475584747617e-08 2.944194592464413e-14
125.006 125.008 10 15 6.339444805697086e-08 1.026334832510666e-12
125.006 125.008 15 20 4.712408374611379e-08 3.85551024366888e-13
125.006 125.008 20 25 3.389039490635668e-08 1.884612064887715e-13
125.006 125.008 25 30 2.410454916747364e-08 1.413502901662505e-13
125.006 125.008 30 35 1.700853724766014e-08 8.673596827754536e-14
125.006 125.008 35 40 1.186113334393411e-08 5.637890221562708e-14
125.006 125.008 40 45 8.105428178164271e-09 3.821190364411751e-14
125.006 125.008 45 50 5.34695205156764e-09 2.672412256717182e-14
125.006 125.008 50 55 3.309482087193501e-09 1.914278230973433e-14
125.006 125.008 55 60 1.798788905936674e-09 1.39608426879162e-14
125.006 125.008 60 65 6.769412712449662e-10 1.017512032865771e-14
125.006 125.008 65 70 -1.551619998818682e-10 7.230593436973833e-15
125.006 125.008 70 75 -7.695655060783575e-10 5.219012133441947e-15
125.006 125.008 75 80 -1.219244080621848e-09 3.783104909991829e-15
125.006 125.008 80 85 -1.543553157479597e-09 2.739449584926314e-15
125.006 125.008 85 90 -1.772027684228638e-09 1.970570439763955e-15
125.006 125.008 90 95 -1.927008963064201e-09 1.394209727059422e-15
125.006 125.008 95 100 -2.025540316607874e-09 9.611745101700356e-16
125.008 125.012 0 5 9.032781763846213e-08 2.69712541019216e-12
125.008 125.012 5 10 1.558187932970552e-07 5.602859454519036e-13
125.008 125.012 10 15 1.322645151863174e-07 2.523317058084186e-12
125.008 125.012 15 20 9.831924130700193e-08 1.104030693451035e-12
125.008 125.012 20 25 7.070911517361235e-08 1.584043923530762e-13
125.008 125.012 25 30 5.029226569496528e-08 4.50516107118645e-13
125.008 125.012 30 35 3.548728435911335e-08 2.913115908867452e-13
125.008 125.012 35 40 2.474777975871102e-08 1.947591258155562e-13
125.008 125.012 40 45 1.691186279969561e-08 1.324538692862428e-13
125.008 125.012 45 50 1.115653757723063e-08 9.048535555710971e-14
125.008 125.012 50 55 6.905507020595042e-09 6.133377912189538e-14
125.008 125.012 55 60 3.75353899222992e-09 4.061688529628109e-14
125.008 125.012 60 65 1.412858227636594e-09 2.535934938714664e-14
125.008 125.012 65 70 -3.232975584761148e-10 1.376290113730164e-14
125.008 125.012 70 75 -1.605240965896305e-09 5.532385268586637e-15
125.008 125.012 75 80 -2.543498150802981e-09 4.174946856217284e-16
125.008 125.012 80 85 -3.22018015324487e-09 4.725405728219978e-15
125.008 125.012 85 90 -3.696908775409417e-09 7.829419669452696e-15
125.008 125.012 90 95 -4.020297123190127e-09 1.004736832560327e-14
125.008 125.012 95 100 -4.225904658058118e-09 1.159385550841154e-14
125.012 125.016 0 5 4.624784579226374e-08 1.551233794005492e-12
125.012 125.016 5 10 7.978020896703067e-08 4.152702734399643e-14
125.012 125.016 10 15 6.772110670911157e-08 1.10274055983432e-12
125.012 125.016 15 20 5.034125174709108e-08 4.174263113090462e-13
125.012 125.016 20 25 3.620473572808595e-08 1.963075984493831e-13
125.012 125.016 25 30 2.575108428131872e-08 1.53968338963374e-13
125.012 125.016 30 35 1.817071081648156e-08 9.478146259836357e-14
125.012 125.016 35 40 1.267188051202953e-08 6.171902054319984e-14
125.012 125.016 40 45 8.659713307189822e-09 4.184103817893832e-14
125.012 125.016 45 50 5.71283530717364e-09 2.921907054996987e-14
125.012 125.016 50 55 3.536179883958015e-09 2.085962015811581e-14
125.012 125.016 55 60 1.922264989668262e-09 1.512972866427037e-14
125.012 125.016 60 65 7.237465709734265e-10 1.094112845481817e-14
125.012 125.016 65 70 -1.652404476830339e-10 7.68877391717821e-15
125.012 125.016 70 75 -8.216585131688404e-10 5.460577392667771e-15
125.012 125.016 75 80 -1.302099022064724e-09 3.86851108593314e-15
125.012 125.016 80 85 -1.648604497253487e-09 2.711643333124433e-15
125.012 125.016 85 90 -1.892726686909494e-09 1.860768634850636e-15
125.012 125.016 90 95 -2.058332649064407e-09 1.225134633961355e-15
125.012 125.016 95 100 -2.163629780176166e-09 7.50012225968532e-16
125.016 125.02 0 5 2.801168984067991e-08 9.581611306252416e-13
125.016 125.02 5 10 4.832235110068909e-08 4.787655879436029e-12
125.016 125.02 10 15 4.101808243369895e-08 3.209368004277381e-12
125.016 125.02 15 20 3.049183558464205e-08 2.708325013638727e-12
125.016 125.02 20 25 2.19297066711782e-08 1.287119440972828e-13
125.016 125.02 25 30 1.559786031280138e-08 1.433416212998409e-12
125.016 125.02 30 35 1.100642976297121e-08 1.022686982839124e-12
125.016 125.02 35 40 7.675761017858146e-09 7.168093114102215e-13
125.016 125.02 40 45 5.245551395504015e-09 4.902101842161934e-13
125.016 125.02 45 50 3.460584164571953e-09 3.221791692588371e-13
125.016 125.02 50 55 2.142141841827773e-09 1.972848065951042e-13
125.016 125.02 55 60 1.164554483430646e-09 1.04297170685744e-13
125.016 125.02 60 65 4.385766103790919e-10 3.518369654382208e-14
125.016 125.02 65 70 -9.990937248726324e-11 4.733108555783019e-15
125.016 125.02 70 75 -4.975308545716397e-10 3.534255816032616e-15
125.016 125.02 75 80 -7.88558973008409e-10 2.680493793682878e-15
125.016 125.02 80 85 -9.984593358309992e-10 2.059477516200012e-15
125.016 125.02 85 90 -1.146343236322923e-09 1.600097578250608e-15
125.016 125.02 90 95 -1.246667314180083e-09 1.252799791498202e-15
125.016 125.02 95 100 -1.310460112333613e-09 9.887137844661316e-16
125.02 125.024 0 5 1.876433119580043e-08 1.689467034914575e-12
125.02 125.024 5 10 3.23692023063041e-08 1.450687512561402e-12
125.02 125.024 10 15 2.747671730321094e-08 6.564988613949825e-13
125.02 125.024 15 20 2.04257408322316e-08 7.048899508653426e-13
125.02 125.024 20 25 1.469041450997645e-08 7.745391726454191e-13
125.02 125.024 25 30 1.044883745431903e-08 3.927839506574253e-13
125.02 125.024 30 35 7.373171884318433e-09 2.846767803864973e-13
125.02 125.024 35 40 5.142034787833878e-09 2.009268378736682e-13
125.02 125.024 40 45 3.514082484152008e-09 1.375252148705023e-13
125.02 125.024 45 50 2.318357584906812e-09 8.988690620127527e-14
125.02 125.024 50 55 1.435144837782818e-09 5.417686801257019e-14
125.02 125.024 55 60 7.802627116116547e-10 2.744379354967457e-14
125.02 125.024 60 65 2.939286986455807e-10 7.553127164140853e-15
125.02 125.024 65 70 -6.680759735975573e-11 3.18867683204971e-15
125.02 125.024 70 75 -3.331830097441474e-10 1.805693001935687e-14
125.02 125.024 75 80 -5.281494231604105e-10 2.608123175760771e-14
125.02 125.024 80 85 -6.687690650253797e-10 3.186537819750594e-14
125.02 125.024 85 90 -7.678440877153502e-10 3.592258074235565e-14
125.02 125.024 90 95 -8.350587266084486e-10 3.864481176150046e-14
125.02 125.024 95 100 -8.778008354179205e-10 4.03389540898758e-14
125.024 125.028 0 5 1.344051040182845e-08 9.196961624381751e-13
125.024 125.028 5 10 2.318568720960845e-08 5.356145736571415e-13
125.024 125.028 10 15 1.968150373750272e-08 4.184505189915281e-14
125.024 125.028 15 20 1.463106678954808e-08 1.867749457282479e-13
125.024 125.028 20 25 1.05229289146083e-08 3.264217439956683e-13
125.024 125.028 25 30 7.484709719935388e-09 1.186341943393335e-13
125.024 125.028 30 35 5.281608095149483e-09 8.909596882655297e-14
125.024 125.028 35 40 3.683430650750566e-09 6.38457858589738e-14
125.024 125.028 40 45 2.517309856299429e-09 4.377683565181056e-14
125.024 125.028 45 50 1.660792397750657e-09 2.826905649855677e-14
125.024 125.028 50 55 1.028127933008123e-09 1.644010710937213e-14
125.024 125.028 55 60 5.590180121529746e-10 7.486799403569025e-15
125.024 125.028 60 65 2.106407325814628e-10 8.111246214894589e-16
125.024 125.028 65 70 -4.777149520320498e-11 4.085145097560077e-15
125.024 125.028 70 75 -2.385867567380583e-10 7.768334758636133e-15
125.024 125.028 75 80 -3.782526529300574e-10 1.047987168691718e-14
125.024 125.028 80 85 -4.789885143509515e-10 1.243280349774996e-14
125.024 125.028 85 90 -5.499647308591608e-10 1.379549078014677e-14
125.024 125.028 90 95 -5.981182569566829e-10 1.469795277020319e-14
125.024 125.028 95 100 -6.2874113860373e-10 1.524501421962762e-14
125.028 125.032 0 5 1.009859188184702e-08 5.90488875480844e-13
125.028 125.032 5 10 1.742088620590142e-08 2.278596987694501e-13
125.028 125.032 10 15 1.478815573166753e-08 1.172258407990454e-13
125.028 125.032 15 20 1.099351236479554e-08 2.997762355969244e-14
125.028 125.032 20 25 7.906813833501043e-09 1.660947103768601e-13
125.028 125.032 25 30 5.623986229926412e-09 3.269692765483365e-14
125.028 125.032 30 35 3.968627014813887e-09 2.711793006162318e-14
125.028 125.032 35 40 2.76778455424046e-09 2.019534820240889e-14
125.028 125.032 40 45 1.891575572127289e-09 1.390701566855389e-14
125.028 125.032 45 50 1.247994202567351e-09 8.711427734753097e-15
125.028 125.032 50 55 7.726109783892164e-10 4.592490466263523e-15
125.028 125.032 55 60 4.201196852733188e-10 1.401413336698826e-15
125.028 125.032 60 65 1.583452095245676e-10 9.882438251615309e-16
125.028 125.032 65 70 -3.58304258972323e-11 2.718853023956593e-15
125.028 125.032 70 75 -1.792141056763449e-10 4.047591737755319e-15
125.028 125.032 75 80 -2.841642477824164e-10 5.031765250132631e-15
125.028 125.032 80 85 -3.59862266648858e-10 5.739405446491166e-15
125.028 125.032 85 90 -4.131986789200588e-10 6.22786197457718e-15
125.028 125.032 90 95 -4.493858475400913e-10 6.542538119519445e-15
125.028 125.032 95 100 -4.724001831915688e-10 6.722306737741428e-15
125.032 125.036 0 5 7.864368085425791e-09 4.198379318309152e-13
125.032 125.036 5 10 1.35668330310908e-08 1.078293540604123e-13
125.032 125.036 10 15 1.151669127332504e-08 1.506345319748818e-13
125.032 125.036 15 20 8.561599595642984e-09 2.068639798922645e-14
125.032 125.036 20 25 6.157782595332921e-09 9.778773485844197e-14
125.032 125.036 25 30 4.379973687993553e-09 2.945994986801837e-15
125.032 125.036 30 35 3.090810374237949e-09 5.23021226109272e-15
125.032 125.036 35 40 2.155609205799354e-09 4.646148412390175e-15
125.032 125.036 40 45 1.473223646584639e-09 3.2558223874354e-15
125.032 125.036 45 50 9.720033227122734e-10 1.785196540171474e-15
125.032 125.036 50 55 6.017727945620519e-10 4.798506142501948e-16
125.032 125.036 55 60 3.272489105728205e-10 5.946692131235713e-16
125.032 125.036 60 65 1.233744910510502e-10 1.408022181919409e-15
125.032 125.036 65 70 -2.785426277332211e-11 1.97856243474112e-15
125.032 125.036 70 75 -1.39526264147742e-10 2.439386677900194e-15
125.032 125.036 75 80 -2.212660793037545e-10 2.785688589730653e-15
125.032 125.036 80 85 -2.802240983130912e-10 3.033672145238894e-15
125.032 125.036 85 90 -3.217666062216161e-10 3.200436193261101e-15
125.032 125.036 90 95 -3.499529709700657e-10 3.300495673317586e-15
125.032 125.036 95 100 -3.678800186333747e-10 3.348205852471412e-15
125.036 125.04 0 5 6.29737968372597e-09 3.184627520956797e-13
125.036 125.04 5 10 1.086374993644986e-08 5.544122089423603e-14
125.036 125.04 10 15 9.222198846942197e-09 1.469917986470389e-13
125.036 125.04 15 20 6.855930437968078e-09 3.612156906692604e-14
125.036 125.04 20 25 4.931059374430327e-09 6.429905904299321e-14
125.036 125.04 25 30 3.507452503652775e-09 7.641007789001166e-15
125.036 125.04 30 35 2.475126966762018e-09 2.867776541992591e-15
125.036 125.04 35 40 1.726238589383145e-09 1.200742348660178e-15
125.036 125.04 40 45 1.179795423772737e-09 7.568097724901371e-16
125.036 125.04 45 50 7.784235593820597e-10 7.907702212694405e-16
125.036 125.04 50 55 4.81944758951086e-10 9.913063723024962e-16
125.036 125.04 55 60 2.621056685183022e-10 1.225386095471704e-15
125.036 125.04 60 65 9.884137279285799e-11 1.411480821019952e-15
125.036 125.04 65 70 -2.226501591740612e-11 1.523202920138613e-15
125.036 125.04 70 75 -1.116947457778953e-10 1.637354295371273e-15
125.036 125.04 75 80 -1.771549434025684e-10 1.728069614372367e-15
125.036 125.04 80 85 -2.243714977640159e-10 1.792045486093681e-15
125.036 125.04 85 90 -2.576416401931015e-10 1.830704393802674e-15
125.036 125.04 90 95 -2.802160582511233e-10 1.846424903441601e-15
125.036 125.04 95 100 -2.945746592223173e-10 1.843619217284132e-15
125.04 125.044 0 5 5.156154619469166e-09 2.522079940274529e-13
125.04 125.044 5 10 8.895104463510466e-09 3.046332108924572e-14
125.04 125.044 10 15 7.551117943139383e-09 1.331107820885958e-13
125.04 125.044 15 20 5.613683256478987e-09 3.903078926301808e-14
125.04 125.044 20 25 4.037626314927633e-09 4.588323571472901e-14
125.04 125.044 25 30 2.871984605557152e-09 1.109041878870113e-14
125.04 125.044 30 35 2.026714682391635e-09 5.758850795923354e-15
125.04 125.044 35 40 1.413518909534197e-09 3.362018039945266e-15
125.04 125.044 40 45 9.660836744404208e-10 2.245829709068069e-15
125.04 125.044 45 50 6.374324987337477e-10 1.720863985817733e-15
125.04 125.044 50 55 3.94668057423049e-10 1.476779132895108e-15
125.04 125.044 55 60 2.1465678027105e-10 1.365697489012436e-15
125.04 125.044 60 65 8.096961597288121e-11 1.2932238581605e-15
125.04 125.044 65 70 -1.819797076523792e-11 1.217884046660551e-15
125.04 125.044 70 75 -9.142805729838132e-11 1.18815701061667e-15
125.04 125.044 75 80 -1.45031289926204e-10 1.172249479874415e-15
125.04 125.044 80 85 -1.83696084435789e-10 1.159561760898085e-15
125.04 125.044 85 90 -2.109410719602029e-10 1.145351481018815e-15
125.04 125.044 90 95 -2.294279705715226e-10 1.127075856066042e-15
125.04 125.044 95 100 -2.411873788833243e-10 1.104963995579002e-15
125.044 125.048 0 5 4.299333238617628e-09 2.058876495642579e-13
125.044 125.048 5 10 7.417054516091117e-09 1.767426017653519e-14
125.044 125.048 10 15 6.29647020476031e-09 1.176022432818256e-13
125.044 125.048 15 20 4.680998833575822e-09 3.744171575922578e-14
125.044 125.048 20 25 3.366829602622146e-09 3.476010547520238e-14
125.044 125.048 25 30 2.394867784657544e-09 1.175071649228931e-14
125.044 125.048 30 35 1.690039559426164e-09 6.56799770190293e-15
125.044 125.048 35 40 1.178722432521222e-09 4.035129218726606e-15
125.044 125.048 40 45 8.056230849569042e-10 2.714708212863027e-15
125.044 125.048 45 50 5.31571334821982e-10 1.990777124887768e-15
125.044 125.048 50 55 3.291363224977347e-10 1.575879166779479e-15
125.044 125.048 55 60 1.790283937791712e-10 1.326522100017024e-15
125.044 125.048 60 65 6.754829941416598e-11 1.14968285267644e-15
125.044 125.048 65 70 -1.514713995600927e-11 1.000491832744154e-15
125.044 125.048 70 75 -7.621409969752513e-11 9.119181490402998e-16
125.044 125.048 75 80 -1.209147429089609e-10 8.519568042155137e-16
125.044 125.048 80 85 -1.531585446565325e-10 8.076884551930238e-16
125.044 125.048 85 90 -1.758795573755954e-10 7.72091039530276e-16
125.044 125.048 90 95 -1.912972956579943e-10 7.407238934781816e-16
125.044 125.048 95 100 -2.011050124740928e-10 7.120116959952419e-16
125.048 125.05 0 5 9.46217033429348e-10 4.323064017249613e-14
125.048 125.05 5 10 1.63239391141657e-09 1.887131110928911e-16
125.048 125.05 10 15 1.385781443514386e-09 2.906851129455747e-14
125.048 125.05 15 20 1.030243011067745e-09 1.059331599587504e-14
125.048 125.05 20 25 7.410125870305222e-10 5.977584448732832e-15
125.048 125.05 25 30 5.270954806869825e-10 3.788122623983523e-15
125.048 125.05 30 35 3.719702771926847e-10 2.29339138164309e-15
125.048 125.05 35 40 2.594341654204399e-10 1.479421670187858e-15
125.048 125.05 40 45 1.773180499293278e-10 1.00177770820943e-15
125.048 125.05 45 50 1.170011796538709e-10 7.051249781886821e-16
125.048 125.05 50 55 7.244640812042544e-11 5.123938221742684e-16
125.048 125.05 55 60 3.940833205662828e-11 3.823178547881947e-16
125.048 125.05 60 65 1.487191094664891e-11 2.875431153398059e-16
125.048 125.05 65 70 -3.329229298777983e-12 2.132607356333675e-16
125.048 125.05 70 75 -1.677008871176041e-11 1.631597767017837e-16
125.048 125.05 75 80 -2.660881868142995e-11 1.275528121209746e-16
125.048 125.05 80 85 -3.370585975278487e-11 1.016376977746291e-16
125.048 125.05 85 90 -3.87069726811937e-11 8.239915075925976e-17
125.048 125.05 90 95 -4.210065585872906e-11 6.774994007659324e-17
125.048 125.05 95 100 -4.425958264760003e-11 5.649202419882171e-17
124.952 125.05 0 100 1.423721631100882e-05 9.292082662406812e-11
