#q2lo q2hi qTlo qThi PDF0  uncertainty
124.952 124.954 0 5 0 0
124.952 124.954 5 10 1.765964257566277e-09 2.389072077987944e-16
124.952 124.954 10 15 1.498718294474469e-09 3.142266941706099e-14
124.952 124.954 15 20 1.113913403663946e-09 1.143842802274505e-14
124.952 124.954 20 25 8.009992285670308e-10 6.481508398400147e-15
124.952 124.954 25 30 5.696256869580258e-10 4.086262486373834e-15
124.952 124.954 30 35 4.018765567277059e-10 2.472648235007411e-15
124.952 124.954 35 40 2.802046827919441e-10 1.594589566082316e-15
124.954 124.956 0 5 1.116904495789864e-09 3.726089424131024e-14
124.954 124.956 5 10 1.926346558817317e-09 3.100215421980757e-16
124.954 124.956 10 15 1.634839811217301e-09 3.423294709053561e-14
124.954 124.956 15 20 1.215091526640073e-09 1.244556139540154e-14
124.954 124.956 20 25 8.737593859437251e-10 7.092279634025153e-15
124.954 124.956 25 30 6.213717964980155e-10 4.44127037998207e-15
124.954 124.956 30 35 4.383863873266125e-10 2.685874128869261e-15
124.954 124.956 35 40 3.056628215254598e-10 1.731512316377918e-15
124.956 124.958 0 5 1.22313606873284e-09 4.084159610470489e-14
124.956 124.958 5 10 2.109578967780683e-09 4.070695873274282e-16
124.956 124.958 10 15 1.790355676223414e-09 3.742991604247016e-14
124.956 124.958 15 20 1.330685642123394e-09 1.358611500351253e-14
124.956 124.958 20 25 9.56886717182692e-10 7.797177694082839e-15
124.956 124.958 25 30 6.804910612835284e-10 4.841725528797011e-15
124.956 124.958 30 35 4.800985157864772e-10 2.925863254374485e-15
124.956 124.958 35 40 3.347485943836635e-10 1.88542267747585e-15
124.958 124.96 0 5 1.345254259669839e-09 4.497056769833929e-14
124.958 124.96 5 10 2.320213883606982e-09 5.414301414363467e-16
124.958 124.96 10 15 1.969129591791436e-09 4.108526136684967e-14
124.958 124.96 15 20 1.463567706160042e-09 1.488272260988302e-14
124.958 124.96 20 25 1.052446593141184e-09 8.617756953086693e-15
124.958 124.96 25 30 7.484523924582901e-10 5.294669649718798e-15
124.958 124.96 30 35 5.280493775161144e-10 3.196526479479815e-15
124.958 124.96 35 40 3.681847316379564e-10 2.058716915820252e-15
124.96 124.962 0 5 1.486589016812881e-09 4.976811342810858e-14
124.96 124.962 5 10 2.563995134485782e-09 7.304100670804423e-16
124.96 124.962 10 15 2.176036728229625e-09 4.528690503686343e-14
124.96 124.962 15 20 1.617361521263703e-09 1.636207174320709e-14
124.96 124.962 20 25 1.163045079334309e-09 9.582543898510525e-15
124.96 124.962 25 30 8.271092506918843e-10 5.808030979922528e-15
124.96 124.962 30 35 5.835467404964903e-10 3.502128546728879e-15
124.96 124.962 35 40 4.068831715189505e-10 2.253947257848381e-15
124.962 124.964 0 5 1.651389908142816e-09 5.539049721706323e-14
124.962 124.964 5 10 2.848252812244691e-09 1.000887198261439e-15
124.962 124.964 10 15 2.417298633684712e-09 5.014294877813399e-14
124.962 124.964 15 20 1.796691683375549e-09 1.805518671274466e-14
124.962 124.964 20 25 1.292007968300168e-09 1.073011253112707e-14
124.962 124.964 25 30 9.188269769975234e-10 6.390376843355587e-15
124.962 124.964 30 35 6.482595484873405e-10 3.84701675759769e-15
124.962 124.964 35 40 4.520077107820137e-10 2.473609149787004e-15
124.964 124.966 0 5 1.845148280244598e-09 6.204419152608555e-14
124.964 124.966 5 10 3.182458970850692e-09 1.395539292921877e-15
124.964 124.966 10 15 2.700954898432803e-09 5.578627792894555e-14
124.964 124.966 15 20 2.007534182217235e-09 1.999712109565689e-14
124.964 124.966 20 25 1.443632917076541e-09 1.211389701286084e-14
124.964 124.966 25 30 1.026662117329574e-09 7.050211604147015e-15
124.964 124.966 30 35 7.243444505450188e-10 4.234995817615215e-15
124.964 124.966 35 40 5.050622379439168e-10 2.719664177511801e-15
124.966 124.968 0 5 2.075059044405978e-09 7.000750939042633e-14
124.966 124.968 5 10 3.579024171755772e-09 1.983882033609416e-15
124.966 124.968 10 15 3.037539245266898e-09 6.237937896763525e-14
124.966 124.968 15 20 2.257718957343802e-09 2.22251977069734e-14
124.966 124.968 20 25 1.62355086535031e-09 1.381006096765474e-14
124.966 124.968 25 30 1.154619469691172e-09 7.794275706265986e-15
124.966 124.968 30 35 8.146271709363092e-10 4.667950247703281e-15
124.966 124.968 35 40 5.680172086540016e-10 2.992520718023237e-15
124.968 124.97 0 5 2.350695694619784e-09 7.966449218670867e-14
124.968 124.97 5 10 4.054461839064833e-09 2.882331649687792e-15
124.968 124.97 10 15 3.441067809975322e-09 7.011801177926817e-14
124.968 124.97 15 20 2.55766451412349e-09 2.477393838237912e-14
124.968 124.97 20 25 1.839254342230834e-09 1.593076690895662e-14
124.968 124.97 25 30 1.308027825835138e-09 8.623807460182597e-15
124.968 124.97 30 35 9.228676289971407e-10 5.142933817359395e-15
124.968 124.97 35 40 6.434945229801125e-10 3.288919954900503e-15
124.97 124.972 0 5 2.685018801584622e-09 9.156008111091927e-14
124.97 124.972 5 10 4.631127837576767e-09 4.292079322661867e-15
124.97 124.972 10 15 3.930515660712984e-09 7.922998652186362e-14
124.97 124.972 15 20 2.921475462095143e-09 2.766250203396295e-14
124.97 124.972 20 25 2.10088677314088e-09 1.86475839912876e-14
124.97 124.972 25 30 1.494101341614994e-09 9.526390761445721e-15
124.97 124.972 30 35 1.054156037257381e-09 5.646018476283194e-15
124.97 124.972 35 40 7.350437386782329e-10 3.597519496801201e-15
124.972 124.974 0 5 3.095920109489558e-09 1.064939987703627e-13
124.972 124.974 5 10 5.33988392922175e-09 6.573384752865309e-15
124.972 124.974 10 15 4.53207748962672e-09 8.995937556587857e-14
124.972 124.974 15 20 3.368622952186453e-09 3.08651513886059e-14
124.972 124.974 20 25 2.422450985903896e-09 2.223471940823351e-14
124.972 124.974 25 30 1.722799050750057e-09 1.045822366299555e-14
124.972 124.974 30 35 1.215519367599204e-09 6.1391709330568e-15
124.972 124.974 35 40 8.475649820469364e-10 3.889555019181343e-15
124.974 124.976 0 5 3.60865310101459e-09 1.256889357387841e-13
124.974 124.976 5 10 6.224290328488267e-09 1.039792348301987e-14
124.974 124.976 10 15 5.282726178986501e-09 1.025115472085003e-13
124.974 124.976 15 20 3.926589863931312e-09 3.424238109348679e-14
124.974 124.976 20 25 2.823711529736093e-09 2.715309018419675e-14
124.974 124.976 25 30 2.008177833447215e-09 1.130475221329669e-14
124.974 124.976 30 35 1.41687599621653e-09 6.53151458645085e-15
124.974 124.976 35 40 9.879746572484831e-10 4.098491607061084e-15
124.976 124.978 0 5 4.259781648066433e-09 1.511106884260555e-13
124.976 124.978 5 10 7.3474168579048e-09 1.707753185516476e-14
124.976 124.978 10 15 6.235993995050473e-09 1.168946983099822e-13
124.976 124.978 15 20 4.635168141502056e-09 3.737773428927532e-14
124.976 124.978 20 25 3.333285160036539e-09 3.422374520893998e-14
124.976 124.978 25 30 2.370590435262395e-09 1.179049585279245e-14
124.976 124.978 30 35 1.672586611459266e-09 6.614152388025678e-15
124.976 124.978 35 40 1.166286953115047e-09 4.074085362880275e-15
124.978 124.98 0 5 5.103832028677691e-09 1.861220001478056e-13
124.978 124.98 5 10 8.803317240963135e-09 2.931632386948081e-14
124.978 124.98 10 15 7.471711785958581e-09 1.324841889348145e-13
124.978 124.98 15 20 5.553698240589275e-09 3.917762669763966e-14
124.978 124.98 20 25 3.993847184698696e-09 4.500987324709922e-14
124.978 124.98 25 30 2.840388335397671e-09 1.126311523674834e-14
124.978 124.98 30 35 2.004066936352235e-09 5.905169450575288e-15
124.978 124.98 35 40 1.397435795680692e-09 3.473491942283591e-15
124.98 124.982 0 5 6.224981827336248e-09 2.369325393954336e-13
124.98 124.982 5 10 1.073719171336549e-08 5.305325455820373e-14
124.98 124.982 10 15 9.11312270751746e-09 1.468139556375575e-13
124.98 124.982 15 20 6.773790301903252e-09 3.683920057824288e-14
124.98 124.982 20 25 4.871280076175438e-09 6.272421766223182e-14
124.98 124.982 25 30 3.464428447796231e-09 8.145738720874644e-15
124.98 124.982 30 35 2.44437882390347e-09 3.258668111460963e-15
124.98 124.982 35 40 1.704476400447027e-09 1.48717641258842e-15
124.982 124.984 0 5 7.758643952378353e-09 3.161389755988757e-13
124.982 124.984 5 10 1.338261813098143e-08 1.023564204191165e-13
124.982 124.984 10 15 1.135848347637391e-08 1.520763592315414e-13
124.982 124.984 15 20 8.442814384401683e-09 2.300244619050693e-14
124.982 124.984 20 25 6.07156681965969e-09 9.458106751036948e-14
124.982 124.984 25 30 4.318088067002269e-09 1.555896778347903e-15
124.982 124.984 30 35 3.046707950763164e-09 4.197055305773371e-15
124.982 124.984 35 40 2.124497110452642e-09 3.904107043974401e-15
124.984 124.986 0 5 9.933750370738457e-09 4.524015079323414e-13
124.984 124.986 5 10 1.713448892168781e-08 2.137502057904372e-13
124.984 124.986 10 15 1.454297233574869e-08 1.242374063165244e-13
124.984 124.986 15 20 1.080991870221492e-08 2.282068155910048e-14
124.984 124.986 20 25 7.773885635672216e-09 1.585526709629724e-13
124.984 124.986 25 30 5.528802636958188e-09 2.870790159073878e-14
124.984 124.986 30 35 3.900971982081847e-09 2.421881503890224e-14
124.984 124.986 35 40 2.720200954553624e-09 1.813750100646346e-14
124.986 124.988 0 5 1.316174058447634e-08 7.206953704485648e-13
124.986 124.988 5 10 2.270251119261888e-08 4.934510711254076e-13
124.986 124.988 10 15 1.926897819770277e-08 1.438681152954799e-14
124.986 124.988 15 20 1.432287794442891e-08 1.630675998754345e-13
124.986 124.988 20 25 1.030025999607106e-08 3.053356934982723e-13
124.986 124.988 25 30 7.325602586480052e-09 1.059370111921549e-13
124.986 124.988 30 35 5.168773621950141e-09 7.998799994347465e-14
124.986 124.988 35 40 3.604279882009116e-09 5.742803113439259e-14
124.988 124.99 0 5 1.824115511926103e-08 1.353615103210918e-12
124.988 124.99 5 10 3.146411955296734e-08 1.298085513524928e-12
124.988 124.99 10 15 2.670564949379663e-08 5.424345868376262e-13
124.988 124.99 15 20 1.985075827270667e-08 6.139058266458246e-13
124.988 124.99 20 25 1.42756918434555e-08 7.015627525949953e-13
124.988 124.99 25 30 1.015300422565787e-08 3.451384799681144e-13
124.988 124.99 30 35 7.163761797358246e-09 2.507646723474211e-13
124.988 124.99 35 40 4.995454076666386e-09 1.771415076520288e-13
124.99 124.992 0 5 2.688265234976014e-08 6.697975488968549e-13
124.99 124.992 5 10 4.637126714953043e-08 4.071524467525267e-12
124.99 124.992 10 15 3.935856388859681e-08 2.634348539948631e-12
124.99 124.992 15 20 2.925603995845846e-08 2.267522292686111e-12
124.99 124.992 20 25 2.103961338066699e-08 2.012566470491617e-12
124.99 124.992 25 30 1.496364533530685e-08 1.205458807383689e-12
124.99 124.992 30 35 1.055811498301854e-08 8.611669508472146e-13
124.99 124.992 35 40 7.36246187828721e-09 6.038432505914247e-13
124.992 124.994 0 5 4.326719392631095e-08 1.058350512133042e-12
124.992 124.994 5 10 7.463427546596602e-08 2.936166616684151e-14
124.992 124.994 10 15 6.334879652514698e-08 1.025625221871137e-12
124.992 124.994 15 20 4.708835384912463e-08 3.852525153118701e-13
124.992 124.994 20 25 3.386350213371569e-08 1.883678567611299e-13
124.992 124.994 25 30 2.408456246514997e-08 1.412278680874109e-13
124.992 124.994 30 35 1.69937732790196e-08 8.665663055934643e-14
124.992 124.994 35 40 1.185029543644881e-08 5.632512560258334e-14
124.994 124.996 0 5 7.951862688585452e-08 1.781405446033489e-12
124.994 124.996 5 10 1.371674787599306e-07 2.918957943014966e-13
124.994 124.996 10 15 1.164270879029823e-07 2.06296600296204e-12
124.994 124.996 15 20 8.654291031186255e-08 8.493766736550676e-13
124.994 124.996 20 25 6.223747653037152e-08 2.334258662338402e-13
124.994 124.996 25 30 4.426506866288756e-08 3.33178459449561e-13
124.994 124.996 30 35 3.123306539344442e-08 2.115181627153211e-13
124.994 124.996 35 40 2.177994630816279e-08 1.400537424024682e-13
124.996 124.998 0 5 1.774252356492206e-07 1.416225071531495e-12
124.996 124.998 5 10 3.060557784340642e-07 4.862869078470016e-12
124.996 124.998 10 15 2.597804013018329e-07 8.068909511306097e-12
124.996 124.998 15 20 1.931017101263399e-07 4.51240931409584e-12
124.996 124.998 20 25 1.38870065097327e-07 1.4119047817575e-12
124.996 124.998 25 30 9.876888401591432e-08 2.08809178385874e-12
124.996 124.998 30 35 6.969089148220813e-08 1.422143339464826e-12
124.996 124.998 35 40 4.859829675506412e-08 9.755298107339131e-13
124.998 125 0 5 4.170148900229667e-07 1.101866493113223e-11
124.998 125 5 10 7.193488478116752e-07 3.585674383727708e-11
124.998 125 10 15 6.10587932032933e-07 3.952531189321765e-11
124.998 125 15 20 4.538687247653684e-07 2.595420995725445e-11
124.998 125 20 25 3.264035436221671e-07 1.443694187952374e-11
124.998 125 25 30 2.321499917858958e-07 1.276789994017695e-11
124.998 125 30 35 1.638049243848313e-07 8.890855922513324e-12
124.998 125 35 40 1.142285904034832e-07 6.162602367227864e-12
125 125.002 0 5 4.170564519953264e-07 1.103098836948906e-11
125 125.002 5 10 7.194248144433176e-07 3.588078600785233e-11
125 125.002 10 15 6.106562721319111e-07 3.954787671096031e-11
125 125.002 15 20 4.539219958089266e-07 2.597156691674654e-11
125 125.002 20 25 3.264435019782056e-07 1.444962290925051e-11
125 125.002 25 30 2.321795948931585e-07 1.277756914237476e-11
125 125.002 30 35 1.638267226899027e-07 8.897989876458281e-12
125 125.002 35 40 1.142445378606803e-07 6.167838461454074e-12
125.002 125.004 0 5 1.774755038336892e-07 1.413722038800368e-12
125.002 125.004 5 10 3.061480333255421e-07 4.869222516276852e-12
125.002 125.004 10 15 2.598636339856662e-07 8.07570936146946e-12
125.002 125.004 15 20 1.931667347971294e-07 4.51729916798769e-12
125.002 125.004 20 25 1.389189319286796e-07 1.415054234564467e-12
125.002 125.004 25 30 9.880515031447586e-08 2.090749260527593e-12
125.002 125.004 30 35 6.971764306135837e-08 1.424086571879821e-12
125.002 125.004 35 40 4.861790477543237e-08 9.76947920593248e-13
125.004 125.006 0 5 7.955506316811231e-08 1.781821955638818e-12
125.004 125.006 5 10 1.37234482947329e-07 2.924810409696715e-13
125.004 125.006 10 15 1.164876414285777e-07 2.064317428068107e-12
125.004 125.006 15 20 8.659027871217365e-08 8.501026468138506e-13
125.004 125.006 20 25 6.227311354261636e-08 2.33289763934319e-13
125.004 125.006 25 30 4.429154332925447e-08 3.335269925697605e-13
125.004 125.006 30 35 3.125261403067198e-08 2.117612184357239e-13
125.004 125.006 35 40 2.179429033098629e-08 1.402264473315982e-13
125.006 125.008 0 5 4.329463167627199e-08 1.058874773904704e-12
125.006 125.008 5 10 7.468475584747617e-08 2.944194592464413e-14
125.006 125.008 10 15 6.339444805697086e-08 1.026334832510666e-12
125.006 125.008 15 20 4.712408374611379e-08 3.85551024366888e-13
125.006 125.008 20 25 3.389039490635668e-08 1.884612064887715e-13
125.006 125.008 25 30 2.410454916747364e-08 1.413502901662505e-13
125.006 125.008 30 35 1.700853724766014e-08 8.673596827754536e-14
125.006 125.008 35 40 1.186113334393411e-08 5.637890221562708e-14
125.008 125.01 0 5 2.690445184618441e-08 6.702455858857354e-13
125.008 125.01 5 10 4.64113903721414e-08 4.08217987730393e-12
125.008 125.01 10 15 3.939486130572388e-08 2.643318647930489e-12
125.008 125.01 15 20 2.92844557382682e-08 2.274818664060504e-12
125.008 125.01 20 25 2.106100562486838e-08 2.018397161845572e-12
125.008 125.01 25 30 1.497954685209633e-08 1.2095912578409e-12
125.008 125.01 30 35 1.05698634579797e-08 8.642326630669945e-13
125.008 125.01 35 40 7.371087889729292e-09 6.0609953049524e-13
125.01 125.012 0 5 1.82591802133368e-08 1.356352461396431e-12
125.01 125.012 5 10 3.149730793127991e-08 1.302208677443777e-12
125.01 125.012 10 15 2.673567715092233e-08 5.456057512099961e-13
125.01 125.012 15 20 1.987426875678671e-08 6.166159672440661e-13
125.01 125.012 20 25 1.429339316486299e-08 7.038840474523543e-13
125.01 125.012 25 30 1.01661634850263e-08 3.466955547442988e-13
125.01 125.012 30 35 7.173485190522272e-09 2.519253092444371e-13
125.01 125.012 35 40 5.002593986480376e-09 1.779979357431502e-13
125.012 125.014 0 5 1.317708611000966e-08 7.221234494158503e-13
125.012 125.014 5 10 2.273076892429304e-08 4.952960798660688e-13
125.012 125.014 10 15 1.929454732660095e-08 1.557732527046452e-14
125.012 125.014 15 20 1.434289910685528e-08 1.64193761866444e-13
125.012 125.014 20 25 1.031533513649076e-08 3.064235617534306e-13
125.012 125.014 25 30 7.336810192104958e-09 1.066014106424504e-13
125.012 125.014 30 35 5.177055424910455e-09 8.04874981527134e-14
125.012 125.014 35 40 3.610361611910666e-09 5.779829379504342e-14
125.014 125.016 0 5 9.947100738916198e-09 4.532729236709314e-13
125.014 125.016 5 10 1.715907440568651e-08 2.146701437501993e-13
125.014 125.016 10 15 1.456522002686106e-08 1.238230672926795e-13
125.014 125.016 15 20 1.082733995902994e-08 2.331421288775569e-14
125.014 125.016 20 25 7.787003688573105e-09 1.591335259969263e-13
125.014 125.016 25 30 5.538555614808693e-09 2.901372308698067e-14
125.014 125.016 30 35 3.908179166506531e-09 2.445219702762504e-14
125.014 125.016 35 40 2.72549375226289e-09 1.831188425569144e-14
125.016 125.018 0 5 7.770453730135887e-09 3.167392752353176e-13
125.016 125.018 5 10 1.340436754166641e-08 1.028549197267019e-13
125.016 125.018 10 15 1.137816561450579e-08 1.519959432652161e-13
125.016 125.018 15 20 8.458227169026918e-09 2.278968291601422e-14
125.016 125.018 20 25 6.083172832109568e-09 9.492668278818131e-14
125.016 125.018 25 30 4.326717096457346e-09 1.701120801320599e-15
125.016 125.018 30 35 3.053084729974092e-09 4.310905057566971e-15
125.016 125.018 35 40 2.129180203650415e-09 3.990358812534724e-15
125.018 125.02 0 5 6.235567324216898e-09 2.373850374586931e-13
125.018 125.02 5 10 1.075668707590152e-08 5.334174612347708e-14
125.018 125.02 10 15 9.13076557721286e-09 1.468856592992657e-13
125.018 125.02 15 20 6.787606487369827e-09 3.676094112719554e-14
125.018 125.02 20 25 4.881684033626805e-09 6.294954098859342e-14
125.018 125.02 25 30 3.4721638926259e-09 8.078524177449719e-15
125.018 125.02 30 35 2.450095354197269e-09 3.20314301768689e-15
125.018 125.02 35 40 1.708674688475441e-09 1.444036386414916e-15
125.02 125.022 0 5 5.113421806608182e-09 1.864858978732593e-13
125.02 125.022 5 10 8.820979208421546e-09 2.949241008796182e-14
125.02 125.022 10 15 7.487695827410092e-09 1.3262664210374e-13
125.02 125.022 15 20 5.566215605403433e-09 3.916730972632708e-14
125.02 125.022 20 25 4.00327323026236e-09 4.516851771054623e-14
125.02 125.022 25 30 2.847396785277404e-09 1.12361364730634e-14
125.02 125.022 30 35 2.009246281878649e-09 5.879937045902416e-15
125.02 125.022 35 40 1.401239622000415e-09 3.452816661100525e-15
125.022 125.024 0 5 4.268546048563492e-09 1.514170385221417e-13
125.022 125.024 5 10 7.363558979972476e-09 1.718982965772413e-14
125.022 125.024 10 15 6.250602823199509e-09 1.170691244911247e-13
125.022 125.024 15 20 4.646608700794604e-09 3.74028755043167e-14
125.022 125.024 20 25 3.34190042345393e-09 3.4342803129339e-14
125.022 125.024 25 30 2.376996116164086e-09 1.178518964839519e-14
125.022 125.024 30 35 1.677320548800164e-09 6.60538762051217e-15
125.022 125.024 35 40 1.169763698401539e-09 4.065694409452517e-15
125.024 125.026 0 5 3.616722381137997e-09 1.25955319251548e-13
125.024 125.026 5 10 6.239152398008291e-09 1.047222269438806e-14
125.024 125.026 10 15 5.296176716076725e-09 1.026986263868341e-13
125.024 125.026 15 20 3.937123439033212e-09 3.428621604443266e-14
125.024 125.026 20 25 2.831643858620974e-09 2.724719500159263e-14
125.024 125.026 25 30 2.014075779194803e-09 1.131144314285479e-14
125.024 125.026 30 35 1.421234739490746e-09 6.532001586348154e-15
125.024 125.026 35 40 9.911758748076787e-10 4.097051237667241e-15
125.026 125.028 0 5 3.103396055953696e-09 1.06731052734593e-13
125.026 125.028 5 10 5.35365334366168e-09 6.624107806343931e-15
125.026 125.028 10 15 4.544539273323979e-09 9.014920289297889e-14
125.026 125.028 15 20 3.37838227673829e-09 3.091865104834567e-14
125.026 125.028 20 25 2.429800312081305e-09 2.231225263978438e-14
125.026 125.028 25 30 1.728263547851255e-09 1.047163608354023e-14
125.026 125.028 30 35 1.219557804732433e-09 6.144950520097325e-15
125.026 125.028 35 40 8.50530974272777e-10 3.892134471596376e-15
125.028 125.03 0 5 2.691982437570677e-09 9.177461911671906e-14
125.028 125.03 5 10 4.643953777216324e-09 4.327650345550358e-15
125.028 125.03 10 15 3.942123662196753e-09 7.941745537009473e-14
125.028 125.03 15 20 2.93056621217394e-09 2.772064804247686e-14
125.028 125.03 20 25 2.107732660689629e-09 1.871358367770793e-14
125.028 125.03 25 30 1.499191537973659e-09 9.543535212464732e-15
125.028 125.03 30 35 1.057917872360106e-09 5.654838822889241e-15
125.028 125.03 35 40 7.378065973294048e-10 3.602446435372087e-15
125.03 125.032 0 5 2.357212551779613e-09 7.986110691785551e-14
125.03 125.032 5 10 4.066464967669642e-09 2.90786707502087e-15
125.03 125.032 10 15 3.451931205497196e-09 7.03005350990781e-14
125.03 125.032 15 20 2.566172172880597e-09 2.483387656826641e-14
125.03 125.032 20 25 1.8456611539519e-09 1.598840359052093e-14
125.03 125.032 25 30 1.312791570149496e-09 8.642940769583974e-15
125.03 125.032 30 35 9.263882182975917e-10 5.153471544979491e-15
125.03 125.032 35 40 6.46080210815865e-10 3.29520521926637e-15
125.032 125.034 0 5 2.081182865961061e-09 7.018943648589536e-14
125.032 125.034 5 10 3.590303451353069e-09 2.002591859417595e-15
125.032 125.034 10 15 3.047747579030131e-09 6.255572575504025e-14
125.032 125.034 15 20 2.265713638553201e-09 2.228528766065076e-14
125.032 125.034 20 25 1.629571393363292e-09 1.38614079934547e-14
125.032 125.034 25 30 1.159096009710676e-09 7.814362119845722e-15
125.032 125.034 30 35 8.179355159761927e-10 4.679410600170909e-15
125.032 125.034 35 40 5.704470226115233e-10 2.99957027008154e-15
125.034 125.036 0 5 1.850923682436888e-09 6.221379844379152e-14
125.034 125.036 5 10 3.193096560153889e-09 1.409499800858898e-15
125.034 125.036 10 15 2.710582512907747e-09 5.595596548187199e-14
125.034 125.036 15 20 2.015074098073959e-09 2.005641986927631e-14
125.034 125.036 20 25 1.4493109931589e-09 1.216036252905596e-14
125.034 125.036 25 30 1.03088403998006e-09 7.070624742694976e-15
125.034 125.036 30 35 7.274646314187816e-10 4.246889973374568e-15
125.034 125.036 35 40 5.073538613273856e-10 2.727109690486178e-15
125.036 125.038 0 5 1.656854332228187e-09 5.554957206403052e-14
125.036 125.038 5 10 2.858317659649476e-09 1.011472642622351e-15
125.036 125.038 10 15 2.42640791953098e-09 5.030590389275202e-14
125.036 125.038 15 20 1.803825688518121e-09 1.811316420636982e-14
125.036 125.038 20 25 1.297380378974095e-09 1.077268082350287e-14
125.036 125.038 25 30 9.228216318293516e-10 6.410738527340339e-15
125.036 125.038 30 35 6.512117754681009e-10 3.859043074485052e-15
125.036 125.038 35 40 4.541759853370906e-10 2.481221706561111e-15
125.038 125.04 0 5 1.491774186616406e-09 4.991804745615985e-14
125.038 125.04 5 10 2.573545661176812e-09 7.38554824467739e-16
125.038 125.04 10 15 2.184680551380548e-09 4.544327701761926e-14
125.038 125.04 15 20 1.624131012795644e-09 1.641844367099148e-14
125.038 125.04 20 25 1.16814299622381e-09 9.621927387950081e-15
125.038 125.04 25 30 8.308998130833081e-10 5.828110209645438e-15
125.038 125.04 30 35 5.863481395438477e-10 3.514099918454245e-15
125.038 125.04 35 40 4.089406741591407e-10 2.261583083988601e-15
125.04 125.042 0 5 1.350187287550025e-09 4.511246590972391e-14
125.04 125.042 5 10 2.329300019570273e-09 5.477767194277455e-16
125.04 125.042 10 15 1.97735313530071e-09 4.123531742864991e-14
125.04 125.042 15 20 1.470008065578721e-09 1.493735469828614e-14
125.04 125.042 20 25 1.057296658516261e-09 8.654479741639718e-15
125.04 125.042 25 30 7.520586705559821e-10 5.314332590355286e-15
125.04 125.042 30 35 5.307145864660136e-10 3.208329368266282e-15
125.04 125.042 35 40 3.701422121951103e-10 2.066285658388276e-15
125.042 125.044 0 5 1.227840306757627e-09 4.097635849695153e-14
125.042 125.044 5 10 2.118243718869335e-09 4.120757456059645e-16
125.042 125.044 10 15 1.798197857964637e-09 3.757397617248337e-14
125.042 125.044 15 20 1.336827345251114e-09 1.363896157913647e-14
125.042 125.044 20 25 9.615118795945206e-10 7.831642443345355e-15
125.042 125.044 25 30 6.83930117177423e-10 4.86089527167866e-15
125.042 125.044 30 35 4.826401433225757e-10 2.937426551020309e-15
125.042 125.044 35 40 3.366153126026824e-10 1.892867217634127e-15
125.044 125.046 0 5 1.121400199527494e-09 3.738926329463187e-14
125.044 125.046 5 10 1.934627228874729e-09 3.140124297461123e-16
125.044 125.046 10 15 1.642334389561053e-09 3.437135331284902e-14
125.044 125.046 15 20 1.220961009291736e-09 1.249663310819669e-14
125.044 125.046 20 25 8.781795519699637e-10 7.124795429545618e-15
125.044 125.046 25 30 6.246584307219202e-10 4.459906580305083e-15
125.044 125.046 30 35 4.40815370962379e-10 2.697159604136759e-15
125.044 125.046 35 40 3.074468099284756e-10 1.738798478590756e-15
125.046 125.048 0 5 1.028225312047316e-09 3.425704874179267e-14
125.046 125.048 5 10 1.773893667598202e-09 2.421193658046825e-16
125.046 125.048 10 15 1.505894740604449e-09 3.155576265954074e-14
125.046 125.048 15 20 1.119533744631249e-09 1.148776804988502e-14
125.046 125.048 20 25 8.052317770381268e-10 6.512320578432727e-15
125.046 125.048 25 30 5.727728207640632e-10 4.104351151344172e-15
125.046 125.048 30 35 4.042024452702284e-10 2.483634828361198e-15
125.046 125.048 35 40 2.819129540930968e-10 1.601697968680781e-15
125.048 125.05 0 5 9.462002270794369e-10 3.150518936731882e-14
125.048 125.05 5 10 1.63239391141657e-09 1.887131110928911e-16
125.048 125.05 10 15 1.385781443514386e-09 2.906851129455747e-14
125.048 125.05 15 20 1.030243011067745e-09 1.059331599587504e-14
125.048 125.05 20 25 7.410125870305222e-10 5.977584448732832e-15
125.048 125.05 25 30 5.270954806869825e-10 3.788122623983523e-15
125.048 125.05 30 35 3.719702771926847e-10 2.29339138164309e-15
125.048 125.05 35 40 2.594341654204399e-10 1.479421670187858e-15
124.952 125.05 0 40 1.21327900400878e-05 9.282246800307194e-11
