#q2lo q2hi qTlo qThi PDF0  uncertainty
124.952 124.954 0 5 0 0
124.952 124.954 5 10 2.04701475239153e-09 8.366193285725411e-16
124.952 124.954 10 15 1.737158276208575e-09 3.593352141333017e-14
124.952 124.954 15 20 1.29109131579096e-09 1.290005922693529e-14
124.952 124.954 20 25 9.283809581446955e-10 7.76340090679988e-15
124.952 124.954 25 30 6.601959507746548e-10 4.55393208814082e-15
124.952 124.954 30 35 4.657623727611341e-10 2.737520125659952e-15
124.952 124.954 35 40 3.247382911080855e-10 1.758744079974046e-15
124.954 124.956 0 5 1.239310430922228e-09 4.173362658436969e-14
124.954 124.956 5 10 2.137344676386735e-09 1.03921202783185e-15
124.954 124.956 10 15 1.813825952062404e-09 3.737530061327779e-14
124.954 124.956 15 20 1.348079528490386e-09 1.336366993708511e-14
124.954 124.956 20 25 9.693641254174443e-10 8.180476309044766e-15
124.954 124.956 25 30 6.893436271197474e-10 4.701075306102452e-15
124.954 124.956 30 35 4.863284728928641e-10 2.820404039213011e-15
124.954 124.956 35 40 3.390795557434418e-10 1.80993492099457e-15
124.956 124.958 0 5 1.296502391909739e-09 4.378043365069471e-14
124.956 124.958 5 10 2.235992536549869e-09 1.303573301133033e-15
124.956 124.958 10 15 1.897553774494906e-09 3.891279631242871e-14
124.956 124.958 15 20 1.410315643030742e-09 1.384261202609151e-14
124.956 124.958 20 25 1.01412132455854e-09 8.655414438154315e-15
124.956 124.958 25 30 7.211754329821124e-10 4.847804067803103e-15
124.956 124.958 30 35 5.087884462162883e-10 2.901076362251896e-15
124.956 124.958 35 40 3.547414642545548e-10 1.858977602191833e-15
124.958 124.96 0 5 1.359213784571927e-09 4.605856243561712e-14
124.958 124.96 5 10 2.344160588432822e-09 1.652812192510658e-15
124.958 124.96 10 15 1.989361882893579e-09 4.054770443700665e-14
124.958 124.96 15 20 1.478557941250958e-09 1.433011984455126e-14
124.958 124.96 20 25 1.063197873523601e-09 9.20298994320972e-15
124.958 124.96 25 30 7.560792034721632e-10 4.989473085534559e-15
124.958 124.96 30 35 5.33415941745697e-10 2.975980824879608e-15
124.958 124.96 35 40 3.71914838418123e-10 1.903307627351759e-15
124.96 124.962 0 5 1.428282148051395e-09 4.861494694147965e-14
124.96 124.962 5 10 2.463293456649113e-09 2.120454546431278e-15
124.96 124.962 10 15 2.090476402592021e-09 4.22771539467098e-14
124.96 124.962 15 20 1.55371781648841e-09 1.481442230029386e-14
124.96 124.962 20 25 1.117249200115401e-09 9.843560518290048e-15
124.96 124.962 25 30 7.945210847243305e-10 5.118637189292204e-15
124.96 124.962 30 35 5.605398631526504e-10 3.039535970388447e-15
124.96 124.962 35 40 3.908290302847267e-10 1.938927515934936e-15
124.962 124.964 0 5 1.504723025501167e-09 5.151160628126966e-14
124.962 124.964 5 10 2.595142793936743e-09 2.756037490838021e-15
124.962 124.964 10 15 2.202384048329529e-09 4.409008835173281e-14
124.962 124.964 15 20 1.636900360801839e-09 1.527563062875668e-14
124.962 124.964 20 25 1.177070030153986e-09 1.060583725318e-14
124.962 124.964 25 30 8.370662927172843e-10 5.223399017371426e-15
124.962 124.964 30 35 5.905590157583333e-10 3.082946316911386e-15
124.962 124.964 35 40 4.117621358157235e-10 1.959578695142903e-15
124.964 124.966 0 5 1.589779751793989e-09 5.483253954769604e-14
124.964 124.966 5 10 2.74185315657807e-09 3.634223569565686e-15
124.964 124.966 10 15 2.326905010584608e-09 4.596101932351154e-14
124.964 124.966 15 20 1.729458541982088e-09 1.568053222160713e-14
124.964 124.966 20 25 1.243633348668189e-09 1.153131255062766e-14
124.964 124.966 25 30 8.844068227540322e-10 5.28466795550496e-15
124.964 124.966 30 35 6.239616577119747e-10 3.092251124900834e-15
124.964 124.966 35 40 4.350546283242451e-10 1.955372094193954e-15
124.966 124.968 0 5 1.684990876476785e-09 5.869475586154595e-14
124.966 124.968 5 10 2.906078297528133e-09 4.870085296363998e-15
124.966 124.968 10 15 2.466291658701156e-09 4.783908252901389e-14
124.966 124.968 15 20 1.833066570341174e-09 1.597369589323173e-14
124.966 124.968 20 25 1.318143161317189e-09 1.26816054109814e-14
124.966 124.968 25 30 9.37398973707097e-10 5.271489769969077e-15
124.966 124.968 30 35 6.613519762796778e-10 3.045006747848645e-15
124.966 124.968 35 40 4.611278208875504e-10 1.910469229812826e-15
124.968 124.97 0 5 1.792282933541145e-09 6.326649794743491e-14
124.968 124.97 5 10 3.091141178297583e-09 6.645400522226371e-15
124.968 124.97 10 15 2.623364349918902e-09 4.96284812761509e-14
124.968 124.97 15 20 1.949820846517317e-09 1.606189661594769e-14
124.968 124.97 20 25 1.402107090528372e-09 1.415094226311037e-14
124.968 124.97 25 30 9.971149788510589e-10 5.132934765367228e-15
124.968 124.97 30 35 7.034865173671579e-10 2.904524332286425e-15
124.968 124.97 35 40 4.905092693530631e-10 1.799049695367828e-15
124.97 124.972 0 5 1.914100356838996e-09 6.879849036892349e-14
124.97 124.972 5 10 3.30125805037432e-09 9.255398962416702e-15
124.97 124.972 10 15 2.801701616786567e-09 5.11526798093474e-14
124.97 124.972 15 20 2.082381328985169e-09 1.578604163081195e-14
124.97 124.972 20 25 1.497438039195333e-09 1.608813850935858e-14
124.97 124.972 25 30 1.064915309654995e-09 4.783523605355232e-15
124.97 124.972 30 35 7.513252013903994e-10 2.609538127931323e-15
124.97 124.972 35 40 5.238683466323743e-10 1.578093781517671e-15
124.972 124.974 0 5 2.0535910190493e-09 7.567972536450976e-14
124.972 124.974 5 10 3.54185847706647e-09 1.319481402182716e-14
124.972 124.974 10 15 3.005911782935533e-09 5.208684685928269e-14
124.972 124.974 15 20 2.234173427555379e-09 1.486890468617011e-14
124.972 124.974 20 25 1.606599381172316e-09 1.873673809115153e-14
124.972 124.974 25 30 1.142551936032293e-09 4.076196210343863e-15
124.972 124.974 30 35 8.061041812458322e-10 2.055062836417011e-15
124.972 124.974 35 40 5.620670478503801e-10 1.174015242475697e-15
124.974 124.976 0 5 2.21487709522525e-09 8.454158573028067e-14
124.974 124.976 5 10 3.820052524307254e-09 1.932274459110024e-14
124.974 124.976 10 15 3.242029486635066e-09 5.182588796099349e-14
124.974 124.976 15 20 2.409682741151146e-09 1.281403734303413e-14
124.974 124.976 20 25 1.732816919951587e-09 2.251138753631321e-14
124.974 124.976 25 30 1.232319072329563e-09 2.750171046110865e-15
124.974 124.976 30 35 8.694422049745791e-10 1.055505509868059e-15
124.974 124.976 35 40 6.062341588169731e-10 4.569026288983363e-16
124.976 124.978 0 5 2.403460381288584e-09 9.646219682293965e-14
124.976 124.978 5 10 4.145329860544546e-09 2.919325769487679e-14
124.976 124.978 10 15 3.518109033852231e-09 4.921565205296573e-14
124.976 124.978 15 20 2.614896099176768e-09 8.701552791182278e-15
124.976 124.978 20 25 1.880396060129496e-09 2.815017808027978e-14
124.976 124.978 25 30 1.337278750995469e-09 3.258499848448709e-16
124.976 124.978 30 35 9.434997748006396e-10 7.296320822076403e-16
124.976 124.978 35 40 6.578762401653317e-10 8.113320460494952e-16
124.978 124.98 0 5 2.626845993964248e-09 1.133907816003942e-13
124.978 124.98 5 10 4.530635521824345e-09 4.575404659123938e-14
124.978 124.98 10 15 3.845137439685197e-09 4.197791666090568e-14
124.978 124.98 15 20 2.857980227135677e-09 7.539830415654147e-16
124.978 124.98 20 25 2.05520986372731e-09 3.703517508276254e-14
124.978 124.98 25 30 1.461607929857079e-09 4.118191687383293e-15
124.978 124.98 30 35 1.031224056904172e-09 3.953340099083583e-15
124.978 124.98 35 40 7.190484065494839e-10 3.086900535439471e-15
124.98 124.982 0 5 2.895533060801444e-09 1.390878198102348e-13
124.98 124.982 5 10 4.994078660626294e-09 7.491593067213207e-14
124.98 124.982 10 15 4.238484702743778e-09 2.540643250864714e-14
124.98 124.982 15 20 3.150359736194545e-09 1.464348384472686e-14
124.98 124.982 20 25 2.265474275200201e-09 5.191002264887072e-14
124.98 124.982 25 30 1.611149834064942e-09 1.244784678107631e-14
124.98 124.982 30 35 1.136737893106372e-09 9.93607008416701e-15
124.98 124.982 35 40 7.926255897346127e-10 7.291777358440436e-15
124.982 124.984 0 5 3.22464623654948e-09 1.813706296097596e-13
124.982 124.984 5 10 5.561746585830642e-09 1.29341935535668e-13
124.982 124.984 10 15 4.720292170863054e-09 1.080356427920729e-14
124.982 124.984 15 20 3.508492391403728e-09 4.531660292437438e-14
124.982 124.984 20 25 2.523024783891176e-09 7.860789797325463e-14
124.982 124.984 25 30 1.794321920179462e-09 2.868986680345386e-14
124.982 124.984 30 35 1.265980434001495e-09 2.152457214355381e-14
124.982 124.984 35 40 8.82749259581023e-10 1.541271133467032e-14
124.984 124.986 0 5 3.636735078436407e-09 2.579752600551754e-13
124.984 124.986 5 10 6.272533102829832e-09 2.38417615466993e-13
124.984 124.986 10 15 5.323570490968918e-09 9.09416683507068e-14
124.984 124.986 15 20 3.956915099548338e-09 1.095638753428417e-13
124.984 124.986 20 25 2.845506901574606e-09 1.305895892490123e-13
124.984 124.986 25 30 2.023673743680031e-09 6.223849110773802e-14
124.984 124.986 30 35 1.42780632205663e-09 4.535525938760957e-14
124.984 124.986 35 40 9.95593894864954e-10 3.20797552519497e-14
124.986 124.988 0 5 4.166802446578216e-09 4.135864518415068e-13
124.986 124.988 5 10 7.186811401432916e-09 4.773829461016636e-13
124.986 124.988 10 15 6.099560494930488e-09 2.778769102004006e-13
124.986 124.988 15 20 4.533715194412529e-09 2.544861477994337e-13
124.986 124.988 20 25 3.260310738602312e-09 2.421850852394162e-13
124.986 124.988 25 30 2.318685221715113e-09 1.37236859661817e-13
124.986 124.988 30 35 1.635960051720227e-09 9.84749589440892e-14
124.986 124.988 35 40 1.140743717201418e-09 6.918334263235543e-14
124.988 124.99 0 5 4.871662782005246e-09 1.206875962774205e-13
124.988 124.99 5 10 8.402785730259122e-09 1.111971227836396e-15
124.988 124.99 10 15 7.131724020634418e-09 1.138252713800628e-13
124.988 124.99 15 20 5.300887080311057e-09 4.206779229035881e-14
124.988 124.99 20 25 3.811966247596586e-09 2.224503401339595e-14
124.988 124.99 25 30 2.711057135208257e-09 1.521976751093401e-14
124.988 124.99 30 35 1.912807283647873e-09 9.27336834453059e-15
124.988 124.99 35 40 1.333794080649585e-09 6.003748217416408e-15
124.99 124.992 0 5 5.848996510538791e-09 1.42176166267001e-13
124.99 124.992 5 10 1.008855036326354e-08 4.166249584780604e-15
124.99 124.992 10 15 8.562522616627467e-09 1.380577027920567e-13
124.99 124.992 15 20 6.364398187075484e-09 5.192479173950499e-14
124.99 124.992 20 25 4.576772936485896e-09 2.522091210006533e-14
124.99 124.992 25 30 3.254997428811436e-09 1.905412824530698e-14
124.99 124.992 30 35 2.29659797925842e-09 1.169784979942608e-14
124.99 124.992 35 40 1.601417772046411e-09 7.605645271461729e-15
124.992 124.994 0 5 7.272355346575694e-09 1.653770841504001e-13
124.992 124.994 5 10 1.254362941377224e-08 2.056249465821169e-14
124.992 124.994 10 15 1.064626612780735e-08 1.824028734370921e-13
124.992 124.994 15 20 7.913234811324774e-09 7.341912507278039e-14
124.992 124.994 20 25 5.690588791350875e-09 2.391574080634363e-14
124.992 124.994 25 30 4.04715492179627e-09 2.834994085404284e-14
124.992 124.994 30 35 2.855522369884357e-09 1.786157766270831e-14
124.992 124.994 35 40 1.991163355874653e-09 1.177884966220609e-14
124.994 124.996 0 5 9.430239254224499e-09 1.373020110670746e-13
124.994 124.996 5 10 1.626559657136224e-08 1.481566442754074e-13
124.994 124.996 10 15 1.380523869268375e-08 3.333966753464504e-13
124.994 124.996 15 20 1.02612608776202e-08 1.695588980880093e-13
124.994 124.996 20 25 7.379111950874863e-09 2.536126019442077e-14
124.994 124.996 25 30 5.248042640307619e-09 7.513733349078088e-14
124.994 124.996 30 35 3.702829044958255e-09 5.031839606535266e-14
124.994 124.996 35 40 2.581996561480747e-09 3.423575372407338e-14
124.996 124.998 0 5 1.226177500590813e-08 6.417126319026732e-13
124.996 124.998 5 10 2.114924140024671e-08 1.572257353919285e-12
124.996 124.998 10 15 1.794999502762083e-08 1.585451728469979e-12
124.996 124.998 15 20 1.334190808382854e-08 1.083853599433988e-12
124.996 124.998 20 25 9.594419903653392e-09 6.626849478550962e-13
124.996 124.998 25 30 6.823549218927459e-09 5.403258022433716e-13
124.996 124.998 30 35 4.814426521629476e-09 3.779748156331548e-13
124.996 124.998 35 40 3.35709888093619e-09 2.625333585278811e-13
124.998 125 0 5 8.18760844367524e-09 7.364365757725327e-14
124.998 125 5 10 1.412053507149588e-08 8.822004912923229e-16
124.998 125 10 15 1.198342804122842e-08 6.97003872122282e-14
124.998 125 15 20 8.906418272998045e-09 2.582245278866756e-14
124.998 125 20 25 6.40437169094358e-09 1.349403884780971e-14
124.998 125 25 30 4.55457146485539e-09 9.360772075004047e-15
124.998 125 30 35 3.213342561741526e-09 5.709672583715965e-15
124.998 125 35 40 2.240513660389636e-09 3.698793548743468e-15
125 125.002 0 5 -1.244269418654939e-08 1.219145193498988e-13
125 125.002 5 10 -2.146539673232117e-08 9.149438700486955e-16
125 125.002 10 15 -1.822121461604436e-08 1.147552745066057e-13
125 125.002 15 20 -1.354492051123721e-08 4.23493096113376e-14
125 125.002 20 25 -9.741230199570142e-09 2.255864934599002e-14
125 125.002 25 30 -6.928598337809174e-09 1.530358183093281e-14
125 125.002 30 35 -4.888996903107636e-09 9.318314530324951e-15
125 125.002 35 40 -3.409468600512176e-09 6.030670986350548e-15
125.002 125.004 0 5 -1.407334567219216e-08 6.275923846922682e-13
125.002 125.004 5 10 -2.427658806509005e-08 1.622461935149379e-12
125.002 125.004 10 15 -2.060626747503572e-08 1.668418542903617e-12
125.002 125.004 15 20 -1.531736307274941e-08 1.130429124059601e-12
125.002 125.004 20 25 -1.101567573630471e-08 6.774959914935783e-13
125.002 125.004 25 30 -7.834803541025666e-09 5.619660951294475e-13
125.002 125.004 30 35 -5.52827464590639e-09 3.927450710733869e-13
125.002 125.004 35 40 -3.855149892436755e-09 2.726875544945229e-13
125.004 125.006 0 5 -1.024299429886365e-08 1.554226891654075e-13
125.004 125.006 5 10 -1.766899807791804e-08 1.512128730167026e-13
125.004 125.006 10 15 -1.499753471316278e-08 3.545603705020025e-13
125.004 125.006 15 20 -1.114815085115666e-08 1.783095228843034e-13
125.004 125.006 20 25 -8.017315712379884e-09 2.3024452703701e-14
125.004 125.006 25 30 -5.702227263513091e-09 7.858712039774714e-14
125.004 125.006 30 35 -4.023508051346813e-09 5.251480039547643e-14
125.004 125.006 35 40 -2.805790010947757e-09 3.569394332545185e-14
125.006 125.008 0 5 -7.715240332728487e-09 1.76165754788734e-13
125.006 125.008 5 10 -1.330863530641529e-08 2.087617187301456e-14
125.006 125.008 10 15 -1.129643318952467e-08 1.929175215947863e-13
125.006 125.008 15 20 -8.397013478477517e-09 7.737782149761609e-14
125.006 125.008 20 25 -6.038815743022806e-09 2.58372250424405e-14
125.006 125.008 25 30 -4.295046848169979e-09 2.980542689251698e-14
125.006 125.008 30 35 -3.030603265440004e-09 1.8756147427001e-14
125.006 125.008 35 40 -2.113393383428344e-09 1.236117481696572e-14
125.008 125.01 0 5 -6.124699599787561e-09 1.490123768647981e-13
125.008 125.01 5 10 -1.056499987041005e-08 4.217250283913371e-15
125.008 125.01 10 15 -8.967645622876139e-09 1.445222823627794e-13
125.008 125.01 15 20 -6.665968883730499e-09 5.431299224540563e-14
125.008 125.01 20 25 -4.793928930353684e-09 2.649294594784121e-14
125.008 125.01 25 30 -3.409643896412605e-09 1.991850765969744e-14
125.008 125.01 30 35 -2.405867590805718e-09 1.222456111758039e-14
125.008 125.01 35 40 -1.677740381255857e-09 7.946781399343806e-15
125.01 125.012 0 5 -5.059182417252889e-09 1.253609794638272e-13
125.01 125.012 5 10 -8.727028695035517e-09 1.123492053824246e-15
125.01 125.012 10 15 -7.407592083842016e-09 1.182186579434278e-13
125.01 125.012 15 20 -5.50634729483219e-09 4.368370704236793e-14
125.01 125.012 20 25 -3.959985286047683e-09 2.312482589371086e-14
125.01 125.012 25 30 -2.816518706303333e-09 1.580247346738761e-14
125.01 125.012 30 35 -1.98736288314082e-09 9.627684982532865e-15
125.01 125.012 35 40 -1.385901506977608e-09 6.232935031036058e-15
125.012 125.014 0 5 -4.302492525263032e-09 4.211578684185122e-13
125.012 125.014 5 10 -7.421590921508159e-09 4.828643728935179e-13
125.012 125.014 10 15 -6.299452313115583e-09 2.784376352333196e-13
125.012 125.014 15 20 -4.682682695228244e-09 2.565245546371547e-13
125.012 125.014 20 25 -3.367693275578117e-09 2.45630078494112e-13
125.012 125.014 25 30 -2.395236588506832e-09 1.38560460276543e-13
125.012 125.014 30 35 -1.690111265015114e-09 9.948192836851432e-14
125.012 125.014 35 40 -1.178617820020942e-09 6.991809504361847e-14
125.014 125.016 0 5 -3.739482090288202e-09 2.627227499543733e-13
125.014 125.016 5 10 -6.450455266276597e-09 2.408533653808617e-13
125.014 125.016 10 15 -5.475179346683169e-09 8.989036151584646e-14
125.014 125.016 15 20 -4.069980376039872e-09 1.100022403197507e-13
125.014 125.016 20 25 -2.927062840248599e-09 1.32400358833864e-13
125.014 125.016 25 30 -2.081851945267986e-09 6.266655858227088e-14
125.014 125.016 30 35 -1.468989992509533e-09 4.57091718502753e-14
125.014 125.016 35 40 -1.024422318701933e-09 3.23483476136411e-14
125.016 125.018 0 5 -3.305194710844298e-09 1.846833175307411e-13
125.016 125.018 5 10 -5.701354922500508e-09 1.305418577843817e-13
125.016 125.018 10 15 -4.839365125743528e-09 9.36601555884495e-15
125.016 125.018 15 20 -3.597364631585263e-09 4.519996328552131e-14
125.016 125.018 20 25 -2.587177233347128e-09 7.969523757935141e-14
125.016 125.018 25 30 -1.840119195078138e-09 2.878523073387827e-14
125.016 125.018 30 35 -1.298425804567092e-09 2.163069714987628e-14
125.016 125.018 35 40 -9.054821668026091e-10 1.550228197074087e-14
125.018 125.02 0 5 -2.96042867417801e-09 1.415676643266301e-13
125.018 125.02 5 10 -5.106670756434941e-09 7.555741735015439e-14
125.018 125.02 10 15 -4.334615605336296e-09 2.684727638652482e-14
125.018 125.02 15 20 -3.222172728815032e-09 1.433687293445764e-14
125.018 125.02 20 25 -2.317354991822432e-09 5.263282970313527e-14
125.018 125.02 25 30 -1.648216937962531e-09 1.241315399528291e-14
125.018 125.02 30 35 -1.163021619718671e-09 9.941839068199647e-15
125.018 125.02 35 40 -8.110603601063254e-10 7.307469118589994e-15
125.02 125.022 0 5 -2.680298403400859e-09 1.153376594466712e-13
125.02 125.022 5 10 -4.623477083303867e-09 4.612051821986357e-14
125.02 125.022 10 15 -3.924496289330567e-09 4.330629426269428e-14
125.02 125.022 15 20 -2.917321857972296e-09 1.113355382242605e-15
125.02 125.022 20 25 -2.098119185992599e-09 3.755381398295567e-14
125.02 125.022 25 30 -1.492292739389955e-09 4.033281570621355e-15
125.02 125.022 30 35 -1.053003240689645e-09 3.917709064862037e-15
125.02 125.022 35 40 -7.343409727085202e-10 3.07113895628313e-15
125.022 125.024 0 5 -2.448297455415496e-09 9.804285921925537e-14
125.022 125.024 5 10 -4.223301680820166e-09 2.94144222805461e-14
125.022 125.024 10 15 -3.584840574518049e-09 5.040594804851218e-14
125.022 125.024 15 20 -2.664848315868634e-09 9.060542130692244e-15
125.022 125.024 20 25 -1.916551016218963e-09 2.854416984823774e-14
125.022 125.024 25 30 -1.363158470782557e-09 4.276002198503665e-16
125.022 125.024 30 35 -9.618875866484646e-10 6.778092439213581e-16
125.022 125.024 35 40 -6.708031091933106e-10 7.824759191399712e-16
125.024 125.026 0 5 -2.25306771123319e-09 8.585707934882788e-14
125.024 125.026 5 10 -3.886552810280104e-09 1.946250737741732e-14
125.024 125.026 10 15 -3.299019458044191e-09 5.288301599752379e-14
125.024 125.026 15 20 -2.452391321535988e-09 1.315268550726186e-14
125.024 125.026 20 25 -1.76376109563696e-09 2.282376299072313e-14
125.024 125.026 25 30 -1.254491816862654e-09 2.854390803192539e-15
125.024 125.026 30 35 -8.852136801482144e-10 1.112293875010996e-15
125.024 125.026 35 40 -6.173359668825415e-10 4.905237759451887e-16
125.026 125.028 0 5 -2.086547626214892e-09 7.679551716919633e-14
125.026 125.028 5 10 -3.5993250623751e-09 1.328666553099204e-14
125.026 125.028 10 15 -3.055230380918466e-09 5.302500063191163e-14
125.026 125.028 15 20 -2.271177727626678e-09 1.518090496888409e-14
125.026 125.028 20 25 -1.63344012699116e-09 1.89925689599542e-14
125.026 125.028 25 30 -1.161805479948476e-09 4.176760152338877e-15
125.026 125.028 30 35 -8.198153211293795e-10 2.11174398406331e-15
125.026 125.028 35 40 -5.717316411539524e-10 1.208534211669608e-15
125.028 125.03 0 5 -1.942862269752269e-09 6.975926735346192e-14
125.028 125.03 5 10 -3.351484752450183e-09 9.317831309195481e-15
125.028 125.03 10 15 -2.844872141980855e-09 5.198763409944749e-14
125.028 125.03 15 20 -2.114814044546064e-09 1.60707559436469e-14
125.028 125.03 20 25 -1.520990170823913e-09 1.630296756610152e-14
125.028 125.03 25 30 -1.081829316873857e-09 4.87801956399595e-15
125.028 125.03 30 35 -7.633851254757337e-10 2.663879143677799e-15
125.028 125.03 35 40 -5.323811119700175e-10 1.611726333110424e-15
125.03 125.032 0 5 -1.817631748551988e-09 6.410404474110234e-14
125.03 125.032 5 10 -3.135477002728043e-09 6.689095564670612e-15
125.03 125.032 10 15 -2.66153237104471e-09 5.037490139048649e-14
125.03 125.032 15 20 -1.978533799541772e-09 1.632095371351207e-14
125.03 125.032 20 25 -1.422983374379794e-09 1.433492785647035e-14
125.03 125.032 25 30 -1.012125374451684e-09 5.220656969682299e-15
125.03 125.032 30 35 -7.142028960968035e-10 2.955638800289679e-15
125.03 125.032 35 40 -4.980848263843583e-10 1.831014874494632e-15
125.032 125.034 0 5 -1.707525595876473e-09 5.943243622148258e-14
125.032 125.034 5 10 -2.945557099513001e-09 4.901458505029597e-15
125.032 125.034 10 15 -2.500335120390209e-09 4.85097486822593e-14
125.032 125.034 15 20 -1.858712582917062e-09 1.620950884893555e-14
125.032 125.034 20 25 -1.33681321132286e-09 1.284168610771239e-14
125.032 125.034 25 30 -9.508398433890484e-10 5.352511259179411e-15
125.032 125.034 30 35 -6.709606031558573e-10 3.092656337832059e-15
125.032 125.034 35 40 -4.67930650552955e-10 1.9404836196838e-15
125.034 125.036 0 5 -1.609967105779887e-09 5.54879912341383e-14
125.034 125.036 5 10 -2.777280494719273e-09 3.657263629632298e-15
125.034 125.036 10 15 -2.357507989162225e-09 4.656677562312754e-14
125.034 125.036 15 20 -1.752546279617415e-09 1.589564698239774e-14
125.034 125.036 20 25 -1.260463078332862e-09 1.167241064571539e-14
125.034 125.036 25 30 -8.965384792234351e-10 5.359398961666942e-15
125.034 125.036 30 35 -6.32646258182355e-10 3.136502159792332e-15
125.034 125.036 35 40 -4.412128907952946e-10 1.983395040226159e-15
125.036 125.038 0 5 -1.522932037508155e-09 5.209844025920235e-14
125.036 125.038 5 10 -2.627155588680961e-09 2.773298915121813e-15
125.036 125.038 10 15 -2.230087413456396e-09 4.464003181618122e-14
125.036 125.038 15 20 -1.657832003396594e-09 1.547245852972404e-14
125.036 125.038 20 25 -1.192348751531336e-09 1.073155347003477e-14
125.036 125.038 25 30 -8.480945540247524e-10 5.292375577613627e-15
125.036 125.038 30 35 -5.984648536324311e-10 3.124003108874703e-15
125.036 125.038 35 40 -4.173771618293319e-10 1.985686466439046e-15
125.038 125.04 0 5 -1.444808408788046e-09 4.914386359366418e-14
125.038 125.04 5 10 -2.492401886349314e-09 2.13362017888098e-15
125.038 125.04 10 15 -2.115713395182525e-09 4.277889342704728e-14
125.038 125.04 15 20 -1.572815513362406e-09 1.499513805303512e-14
125.038 125.04 20 25 -1.13120865448161e-09 9.956603369251378e-15
125.038 125.04 25 30 -8.046108127791052e-10 5.182415991513981e-15
125.038 125.04 30 35 -5.677832959114434e-10 3.077656146376325e-15
125.038 125.04 35 40 -3.959819865783748e-10 1.963248967071924e-15
125.04 125.042 0 5 -1.374296837704053e-09 4.653810510924022e-14
125.04 125.042 5 10 -2.370778096373734e-09 1.663013835820693e-15
125.04 125.042 10 15 -2.012483596929856e-09 4.100760808119983e-14
125.04 125.042 15 20 -1.496082758904551e-09 1.449663964728339e-14
125.04 125.042 20 25 -1.076025861634926e-09 9.305438927870731e-15
125.04 125.042 25 30 -7.65364000680846e-10 5.048589618030144e-15
125.04 125.042 30 35 -5.400912643006419e-10 3.011434315949608e-15
125.04 125.042 35 40 -3.766715016906017e-10 1.925988533144424e-15
125.042 125.044 0 5 -1.310338407138302e-09 4.421751885635972e-14
125.042 125.044 5 10 -2.260457704200881e-09 1.311593990527434e-15
125.042 125.044 10 15 -1.918847731679969e-09 3.933620973134566e-14
125.042 125.044 15 20 -1.42648137688764e-09 1.399660376175428e-14
125.042 125.044 20 25 -1.025971642259687e-09 8.748904043278331e-15
125.042 125.044 25 30 -7.297647104856142e-10 4.902749551158876e-15
125.042 125.044 30 35 -5.149728795903073e-10 2.934119981928026e-15
125.042 125.044 35 40 -3.591557010776359e-10 1.880164834193103e-15
125.044 125.046 0 5 -1.252061589506857e-09 4.213391875420213e-14
125.044 125.046 5 10 -2.159937422457311e-09 1.045599976434405e-15
125.044 125.046 10 15 -1.83352985797817e-09 3.776673009726453e-14
125.044 125.046 15 20 -1.363062931699513e-09 1.350657844329526e-14
125.044 125.046 20 25 -9.803639218294721e-10 8.26630619998305e-15
125.044 125.046 25 30 -6.973278394476293e-10 4.752289393017839e-15
125.044 125.046 30 35 -4.920858587658454e-10 2.851278885725015e-15
125.044 125.046 35 40 -3.43195899749104e-10 1.829768698932776e-15
125.046 125.048 0 5 -1.198742613378584e-09 4.025002974356292e-14
125.046 125.048 5 10 -2.067968827335741e-09 8.417669008214188e-16
125.046 125.048 10 15 -1.755470354797477e-09 3.629678257243089e-14
125.046 125.048 15 20 -1.305039783741561e-09 1.303313446417464e-14
125.046 125.048 20 25 -9.386362635953937e-10 7.842623652683933e-15
125.046 125.048 25 30 -6.676505284391591e-10 4.601808303691787e-15
125.046 125.048 30 35 -4.711459490502657e-10 2.766442368598849e-15
125.046 125.048 35 40 -3.285938791336994e-10 1.777354230466713e-15
125.048 125.05 0 5 -1.149775467131228e-09 3.853646738916605e-14
125.048 125.05 5 10 -1.983506617957062e-09 6.837949000572381e-16
125.048 125.05 10 15 -1.683782005558869e-09 3.49216537671499e-14
125.048 125.05 15 20 -1.251752445610293e-09 1.257976066397347e-14
125.048 125.05 20 25 -9.003143924910759e-10 7.466718205259654e-15
125.048 125.05 25 30 -6.403954653186893e-10 4.454125589125468e-15
125.048 125.05 30 35 -4.519151469245148e-10 2.681842666095926e-15
125.048 125.05 35 40 -3.151836717898842e-10 1.724555701370158e-15
124.952 125.05 0 40 -7.185745495440165e-08 4.284993951772054e-12
